intensityVsPixelDistance
0.00202305023841414
0.00202305023841414
0.00202305023841414
0.00202305023841414
0.00202305023841414
0.00202305023841414
0.00202305023841414
0.00202305023841414
0.00202305023841414
0.00202305023841414
0.00202305023841414
0.00202305023841414
0.00202305023841414
0.00202305023841414
0.00202305023841414
0.00202305023841414
0.00202305023841414
0.00202305023841414
0.00202305023841414
0.00202305023841414
0.00202305023841414
0.0020022210983351605
0.001980689635385875
0.0019584370708799117
0.0019355279677294637
0.001911967870118126
0.0018877959450203322
0.0018630288249868675
0.00183776111882812
0.0018119692190526509
0.0017856561660192058
0.001758880441922486
0.0017316427621410198
0.0017039783590673332
0.0016759585917096387
0.0016475798831752948
0.0016188747831873455
0.0015899100007935687
0.0015606953724487311
0.0015311818947236337
0.0015014865320076775
0.0014716039189618993
0.0014416095280210513
0.001411430390575231
0.0013811317849151596
0.0013507931180574949
0.0013204657184116534
0.0012901025498393895
0.0012597248948519242
0.001229430044929127
0.0011992095943732888
0.0011690333184415824
0.0011389786568597124
0.001109050259588114
0.0010793225259937455
0.0010497791812150849
0.0010204357847351261
0.0009913288208588202
0.0009624933431340609
0.000933931855385698
0.0009056243270149347
0.0008776437266316732
0.0008500034675833216
0.0008227099882766361
0.0007958060325786917
0.0007693266540373823
0.0007433237175960204
0.0007177621697067123
0.0006926246624401428
0.0006679330148414296
0.0006437850549243384
0.0006201405426466439
0.0005970466929912236
0.0005745181712179109
0.0005525503273662709
0.000531156753628344
0.0005103106233093134
0.0004900888396009874
0.00047044043178321414
0.00045140707065527565
0.0004329055934632397
0.0004149885805289473
0.00039763939930161204
0.00038087271504106714
0.0003646987218913429
0.00034906197801648465
0.0003339757179192686
0.0003194612241109161
0.00030552296770723
0.0002921282201405338
0.0002792523008515959
0.00026691506159458073
0.0002550819853554906
0.00024373089539994364
0.0002328598244369866
0.0002224467745768696
0.00021250730530258645
0.00020299938812559073
0.00019393661523792297
0.00018528911958602036
0.00017707353372066942
0.00016926929050917715
0.00016179286950834706
0.0001547065086501543
0.0001479783735900828
0.00014156858197517157
0.00013546157432242672
0.00012966933322219984
0.00012419597210102954
0.00011900822585734285
0.00011407014672008519
0.00010941875552810384
0.00010500451231830362
0.00010083367665280851
9.688353526334019e-05
9.31506901018885e-05
8.964640838027658e-05
8.6303265672198e-05
8.314862520636598e-05
8.016889479073997e-05
7.737748777272838e-05
7.47293353050389e-05
7.223606228875882e-05
6.98722727861282e-05
6.765406281403712e-05
6.556587288949181e-05
6.360341074132156e-05
6.175129573116473e-05
5.9994147220659615e-05
5.833715170413749e-05
5.679032448099667e-05
5.532630232252391e-05
5.391754315537391e-05
5.258997945120297e-05
5.1337888181783505e-05
5.014785599970707e-05
4.901022529483958e-05
4.791945188358557e-05
4.688107994954052e-05
4.589349989101541e-05
4.494276182670547e-05
4.401402165214537e-05
4.313804064405845e-05
4.228584597204248e-05
4.146620102307099e-05
4.066873280848144e-05
3.990238355987947e-05
3.915534953154565e-05
3.841046163879717e-05
3.7691506217705004e-05
3.6988825658135075e-05
3.6314760239703145e-05
3.5652498566990634e-05
3.500508099874346e-05
3.438162861119936e-05
3.375728200049469e-05
3.315994092923901e-05
3.256850173084304e-05
3.196704723304877e-05
3.139438672102461e-05
3.081975891804721e-05
3.02778596827464e-05
2.9722547100037153e-05
2.9201751531325616e-05
2.8680240584085622e-05
2.8177329478585333e-05
2.7665476141479417e-05
2.7187782129106986e-05
2.6701503574393153e-05
2.6237044064797045e-05
2.577794989416431e-05
2.532135954838115e-05
2.4883369044337684e-05
2.445306885947506e-05
2.4023126363876662e-05
2.3621083630887808e-05
2.3224763926126553e-05
2.2852588246700486e-05
2.2482916392123994e-05
2.212004063356777e-05
2.177397627043012e-05
2.1434529158680637e-05
2.1097585871780728e-05
2.0783177008526987e-05
2.0470556591594373e-05
2.0167414940163723e-05
1.9853900300070546e-05
1.955397785201792e-05
1.9288214728698776e-05
1.9017265111048373e-05
1.8757582705221054e-05
1.8497184920865285e-05
1.824876972686105e-05
1.8000712222121043e-05
1.776463730773257e-05
1.7539114226638733e-05
1.7302145089089697e-05
1.7068573999550798e-05
1.6852529683958926e-05
1.6614666323249324e-05
1.64036296573566e-05
1.6177391197734313e-05
1.59708256476444e-05
1.5762829340497585e-05
1.5562344507899497e-05
1.5358461627291268e-05
1.5164415201449229e-05
1.4966434193700713e-05
1.4763266691620936e-05
1.4556164607634685e-05
1.4356037464300823e-05
1.4169144823743282e-05
1.3976350310326028e-05
1.3790709582193274e-05
1.3598272758040245e-05
1.3417639679606643e-05
1.3231820106841777e-05
1.3045642844812687e-05
1.2847661837064171e-05
1.266291533209198e-05
1.2469941974042617e-05
1.2275180169672127e-05
1.2087750995218249e-05
1.1896208394225785e-05
1.171557531579218e-05
1.1526894228913514e-05
1.1346797684376246e-05
1.1174927992916154e-05
1.0986425750669599e-05
1.0814377214577396e-05
1.0638036407314489e-05
1.0458297552041448e-05
1.0279989453825308e-05
1.0110802431846904e-05
9.925698237610489e-06
9.75060934277237e-06
9.579991563737064e-06
9.403829601106271e-06
9.234821423759981e-06
9.075649701179873e-06
8.898772360020631e-06
8.732625696788137e-06
8.56987708156578e-06
8.407128466343425e-06
8.236868376572346e-06
8.079485100313365e-06
7.923532581111282e-06
7.759174364199914e-06
7.604831446686844e-06
7.446375102635187e-06
7.28577262299818e-06
7.1176586688124495e-06
6.9604542371855794e-06
6.785723031611688e-06
6.6295916677774945e-06
6.457006597788951e-06
6.289071488235333e-06
6.132940124401139e-06
5.978597206888069e-06
5.823002376950213e-06
5.664188343634331e-06
5.520218414783785e-06
5.364265895581703e-06
5.200623057198785e-06
5.036443684919529e-06
4.887644951001946e-06
4.7426019543587255e-06
4.589868638534668e-06
4.443037195570322e-06
4.298709577455552e-06
4.151341600594868e-06
4.008444739536998e-06
3.865905567743352e-06
3.719252969411119e-06
3.5840464275340846e-06
3.4493764195533883e-06
3.315421790101141e-06
3.1929132171040922e-06
3.0684373531538068e-06
2.9503998959595705e-06
2.8364758653039212e-06
2.7264864165547464e-06
2.612920075163322e-06
2.4954191518654233e-06
2.392225799136523e-06
2.2836671074442477e-06
2.1779699298657725e-06
2.0778169358827845e-06
1.983565814759507e-06
1.895931945024393e-06
1.8088346091856156e-06
1.7263872337817626e-06
1.645549460066922e-06
1.5774096552320672e-06
1.5026525990090507e-06
1.4329031924851839e-06
1.3701287266137038e-06
1.3035985234678613e-06
1.2444009502386307e-06
1.1816264843671504e-06
1.1247538913553821e-06
1.0664505412867138e-06
1.0151221318704324e-06
9.718417308992122e-07
9.305286208812294e-07
8.885001323347969e-07
8.407486155607648e-07
7.974682145895449e-07
7.600896864780366e-07
7.191342657242789e-07
6.847960963586829e-07
6.540348196353365e-07
6.225581643835402e-07
5.932276447170936e-07
5.719451334957087e-07
5.44403060150387e-07
5.190071223904149e-07
4.979034558011424e-07
4.769786338439823e-07
4.526557638766852e-07
4.354866791938872e-07
4.154560803972895e-07
3.9631970476125416e-07
3.777198630215563e-07
3.5912002128185844e-07
3.442759168165227e-07
3.310414140401992e-07
3.20131891481338e-07
3.099377474509267e-07
2.977763124672781e-07
2.866879452763043e-07
2.754207334532181e-07
2.648689001585819e-07
2.557478239208454e-07
2.46626747683109e-07
2.3696913754903509e-07
2.298153522645359e-07
2.231981008763742e-07
2.1425586927075023e-07
2.07459773250476e-07
2.0084252186231425e-07
1.9350989194570262e-07
1.8725032982176584e-07
1.8009654453726663e-07
1.750888948381172e-07
1.702600897710803e-07
1.6453706154348095e-07
1.6274861522235616e-07
1.5970825647644403e-07
1.5344869435250725e-07
1.4772566612490791e-07
1.4396992885054585e-07
1.3985650231195882e-07
1.3735267746238413e-07
1.3306040629168463e-07
1.3037773680999744e-07
1.2858929048887264e-07
1.2322395152549826e-07
1.1964705888324867e-07
1.1714323403367396e-07
1.115990504381871e-07
1.0820100242804999e-07
1.0533948831425032e-07
1.0265681883256313e-07
9.925877082242602e-08
9.550303354806394e-08
9.264151943426427e-08
8.942231605623965e-08
8.656080194243998e-08
8.423582172497775e-08
8.155315224329056e-08
8.03012398185032e-08
7.815510423315346e-08
7.547243475146626e-08
7.296860990189155e-08
7.135900821287923e-08
6.849749409907957e-08
6.617251388161734e-08
6.509944608894247e-08
6.348984439993015e-08
6.188024271091784e-08
5.9197573229230645e-08
5.723028227599337e-08
5.6693748379655947e-08
5.4547612794306194e-08
5.258032184106892e-08
5.1507254048394044e-08
4.918227383093181e-08
4.66784489813571e-08
4.5426536556569744e-08
4.4711158028119826e-08
4.310155633910751e-08
4.256502244277007e-08
4.113426538587024e-08
4.041888685742032e-08
3.9166974432632964e-08
3.773621737573313e-08
3.54112371582709e-08
3.3265101572921144e-08
3.183434451602131e-08
3.147665525179635e-08
3.094012135545891e-08
3.076127672334643e-08
2.9509364298559083e-08
2.9151675034334124e-08
2.8793985770109165e-08
2.8078607241659248e-08
2.7899762609546768e-08
2.736322871320933e-08
2.59324716563095e-08
2.5038248495747104e-08
2.4322869967297187e-08
2.324980217462231e-08
2.2713268278284872e-08
2.2355579014059913e-08
2.1819045117722475e-08
2.1103666589272557e-08
2.1461355853497516e-08
1.98517541644852e-08
1.9494064900260243e-08
1.8957531003922804e-08
1.8420997107585366e-08
1.8242152475472887e-08
1.6632550786460572e-08
1.5559482993785695e-08
1.4486415201110822e-08
1.4486415201110822e-08
1.3771036672660905e-08
1.3055658144210987e-08
1.2876813512098508e-08
1.2876813512098508e-08
1.234027961576107e-08
1.198259035153611e-08
1.1982590351536112e-08
1.1624901087311155e-08
1.0909522558861237e-08
1.1088367190973714e-08
1.0730677926748756e-08
1.0909522558861236e-08
1.0730677926748756e-08
1.019414403041132e-08
9.478765501961402e-09
8.942231605623964e-09
8.942231605623964e-09
8.942231605623964e-09
8.763386973511484e-09
8.226853077174046e-09
7.869163812949089e-09
7.51147454872413e-09
7.51147454872413e-09
7.332629916611652e-09
7.869163812949089e-09
7.869163812949089e-09
7.69031918083661e-09
7.51147454872413e-09
7.332629916611651e-09
7.51147454872413e-09
7.1537852844991715e-09
7.332629916611651e-09
7.332629916611651e-09
7.1537852844991715e-09
7.51147454872413e-09
7.51147454872413e-09
7.69031918083661e-09
7.69031918083661e-09
7.69031918083661e-09
7.1537852844991715e-09
7.33262991661165e-09
7.511474548724129e-09
6.796096020274213e-09
6.438406756049254e-09
6.259562123936774e-09
6.080717491824295e-09
6.259562123936774e-09
6.080717491824295e-09
6.080717491824295e-09
5.365338963374377e-09
5.365338963374377e-09
5.365338963374377e-09
5.365338963374377e-09
5.365338963374378e-09
5.365338963374379e-09
5.365338963374379e-09
5.186494331261899e-09
5.186494331261899e-09
5.00764969914942e-09
5.1864943312619e-09
5.007649699149419e-09
5.007649699149419e-09
5.186494331261899e-09
5.186494331261899e-09
4.649960434924461e-09
4.471115802811982e-09
5.007649699149419e-09
4.828805067036941e-09
4.6499604349244605e-09
4.292271170699502e-09
4.292271170699502e-09
4.113426538587023e-09
4.113426538587023e-09
3.934581906474544e-09
3.576892642249585e-09
3.219203378024627e-09
3.0403587459121475e-09
3.0403587459121475e-09
2.8615141137996677e-09
2.8615141137996677e-09
2.861514113799668e-09
2.6826694816871887e-09
2.6826694816871887e-09
2.8615141137996677e-09
2.8615141137996677e-09
3.0403587459121467e-09
2.6826694816871887e-09
2.6826694816871887e-09
2.6826694816871887e-09
2.6826694816871887e-09
2.6826694816871887e-09
2.5038248495747093e-09
2.5038248495747093e-09
2.32498021746223e-09
2.146135585349751e-09
1.967290953237272e-09
2.146135585349751e-09
1.967290953237272e-09
1.967290953237272e-09
1.967290953237272e-09
1.967290953237272e-09
1.967290953237272e-09
1.967290953237272e-09
1.967290953237272e-09
1.967290953237272e-09
1.967290953237272e-09
1.430757056899834e-09
1.430757056899834e-09
1.430757056899834e-09
1.430757056899834e-09
1.430757056899834e-09
1.430757056899834e-09
1.430757056899834e-09
1.430757056899834e-09
1.430757056899834e-09
1.430757056899834e-09
1.430757056899834e-09
1.6096016890123132e-09
1.6096016890123132e-09
1.6096016890123132e-09
1.430757056899834e-09
1.430757056899834e-09
1.2519124247873548e-09
1.0730677926748756e-09
1.0730677926748756e-09
8.942231605623963e-10
8.942231605623963e-10
8.942231605623963e-10
8.942231605623963e-10
8.942231605623963e-10
8.942231605623963e-10
8.942231605623963e-10
8.942231605623963e-10
8.942231605623963e-10
8.942231605623963e-10
8.942231605623963e-10
7.15378528449917e-10
7.15378528449917e-10
7.15378528449917e-10
5.365338963374378e-10
5.365338963374378e-10
5.365338963374378e-10
3.576892642249585e-10
5.365338963374378e-10
5.365338963374378e-10
5.365338963374378e-10
7.15378528449917e-10
7.15378528449917e-10
7.15378528449917e-10
7.15378528449917e-10
5.365338963374378e-10
5.365338963374378e-10
5.365338963374378e-10
5.365338963374378e-10
5.365338963374378e-10
5.365338963374378e-10
5.365338963374378e-10
3.576892642249585e-10
3.576892642249585e-10
3.576892642249585e-10
3.576892642249585e-10
3.576892642249585e-10
3.576892642249585e-10
3.576892642249585e-10
3.576892642249585e-10
3.576892642249585e-10
5.365338963374378e-10
7.15378528449917e-10
7.15378528449917e-10
7.15378528449917e-10
7.15378528449917e-10
7.15378528449917e-10
7.15378528449917e-10
7.15378528449917e-10
7.15378528449917e-10
7.15378528449917e-10
8.942231605623963e-10
8.942231605623963e-10
8.942231605623963e-10
8.942231605623963e-10
8.942231605623963e-10
8.942231605623963e-10
8.942231605623963e-10
7.15378528449917e-10
7.15378528449917e-10
7.15378528449917e-10
5.365338963374378e-10
5.365338963374378e-10
5.365338963374378e-10
5.365338963374378e-10
5.365338963374378e-10
5.365338963374378e-10
5.365338963374378e-10
5.365338963374378e-10
5.365338963374378e-10
5.365338963374378e-10
5.365338963374378e-10
5.365338963374378e-10
7.15378528449917e-10
7.15378528449917e-10
7.15378528449917e-10
7.15378528449917e-10
7.15378528449917e-10
7.15378528449917e-10
7.15378528449917e-10
7.15378528449917e-10
5.365338963374378e-10
3.576892642249585e-10
3.576892642249585e-10
3.576892642249585e-10
3.576892642249585e-10
3.576892642249585e-10
3.576892642249585e-10
3.576892642249585e-10
3.576892642249585e-10
3.576892642249585e-10
1.7884463211247926e-10
1.7884463211247926e-10
1.7884463211247926e-10
1.7884463211247926e-10
1.7884463211247926e-10
1.7884463211247926e-10
1.7884463211247926e-10
1.7884463211247926e-10
1.7884463211247926e-10
1.7884463211247926e-10
1.7884463211247926e-10
1.7884463211247926e-10
1.7884463211247926e-10
1.7884463211247926e-10
1.7884463211247926e-10
1.7884463211247926e-10
1.7884463211247926e-10
1.7884463211247926e-10
1.7884463211247926e-10
1.7884463211247926e-10
1.7884463211247926e-10
1.7884463211247926e-10
1.7884463211247926e-10
1.7884463211247926e-10
1.7884463211247926e-10
1.7884463211247926e-10
1.7884463211247926e-10
1.7884463211247926e-10
1.7884463211247926e-10
1.7884463211247926e-10
1.7884463211247926e-10
1.7884463211247926e-10
1.7884463211247926e-10
1.7884463211247926e-10
1.7884463211247926e-10
1.7884463211247926e-10
1.7884463211247926e-10
1.7884463211247926e-10
1.7884463211247926e-10
1.7884463211247926e-10
