intensityVsPixelDistance
509.20174500883905
509.20174500883905
509.20174500883905
509.20174500883905
509.20174500883905
509.20174500883905
509.20174500883905
509.20174500883905
509.20174500883905
509.20174500883905
509.20174500883905
509.20174500883905
509.20174500883905
509.20174500883905
509.20174500883905
509.20174500883905
509.20174500883905
509.20174500883905
509.20174500883905
509.20174500883905
509.20174500883905
503.95905045095986
498.53958122662465
492.93861074047373
487.17238947750593
481.2423129087323
475.1582393616176
468.9243552491945
462.56447360903775
456.0726524355522
449.4496569870341
442.7102072318897
435.85448323089463
428.8913529772477
421.83877753331603
414.69585659522164
407.4707829282548
400.1803471997412
392.82702524534557
385.39848290193856
377.9241601063324
370.40270640271
362.8531182028986
355.2570293077856
347.63087026314565
339.9946278150714
332.3612213242131
324.7188117945743
317.07275603422926
309.44754230866124
301.84105490375674
294.2456862517463
286.68092793158957
279.14795033832826
271.6654797926257
264.2294199118368
256.8436870178312
249.51746421016503
242.2595744668431
235.07064800058015
227.94564310965904
220.90292599319213
213.945872790722
207.0761040492293
200.3043784000567
193.6395188212091
187.0945797189183
180.66073811517947
174.3336275361839
168.11873983558783
162.04069832445597
156.08937458416025
150.27665262589096
144.60622369554815
139.07691739809036
133.69215488825418
128.44518388695417
123.35536092756853
118.40985667983499
113.61915968393286
108.96233787469741
104.45262571913602
100.08583680421575
95.86566237583659
91.794668300051
87.85889986674917
84.0616882002799
80.40839010871757
76.90013097190979
73.52867300937234
70.28780412434668
67.18252100335596
64.20413571397698
61.347066372165806
58.61081781078952
55.989853160998074
53.488088744661006
51.09494599121118
48.813846055385206
46.63727139980132
44.569408437492484
42.60508042115988
40.72326525525095
38.93962822724384
37.24615663262384
35.63281208315068
34.0956782569548
32.6377711720277
31.260126177829132
29.95437044829319
28.71145592944544
27.540700766423733
26.42963575051702
25.3798364135119
24.385585825782723
23.446028698645335
22.564000989315613
21.722531969692234
20.928508964442315
20.178510818829245
19.47591367239573
18.80937369627829
18.181816878080593
17.586851060268465
17.028527610293143
16.502930206285086
16.008978483590635
15.542801135534162
15.100526855440023
14.683461083931405
14.294124671866859
13.925630294579268
13.57104561220761
13.236897827867786
12.921746455354906
12.622215355126269
12.335873706711121
12.061326039098487
11.799967823299347
11.551393922568577
11.312093151781765
11.07832924984499
10.85784483010951
10.643347431163091
10.437042797506967
10.236320047894777
10.04342994202166
9.855401477090039
9.667913194485246
9.486952114996349
9.310087418152598
9.14042515233328
8.973733889311541
8.810778887383728
8.653855921438877
8.496707879524513
8.346357131889457
8.197491885653193
8.046105788558375
7.901967137681894
7.757333319672482
7.620937282147268
7.48116510507935
7.350080860434657
7.21881655501435
7.092233829759928
6.963400344810369
6.843164761896228
6.720768449674756
6.6038639911094155
6.488309988361156
6.373386198327535
6.263143988459794
6.154837431929872
6.046620905787755
5.945426749894461
5.845673080206053
5.751996461694512
5.658950055897609
5.567614227469007
5.4805098272672605
5.395070989239915
5.310262363927208
5.231125653046242
5.152439094104303
5.076138340439209
4.997226705527756
4.92173622535291
4.854843647213482
4.786645628450875
4.721283566904138
4.655741444581792
4.593215340250926
4.530779266307866
4.471359210356288
4.4145950508449685
4.354949918923876
4.296160075686935
4.241781721452461
4.181911513561854
4.128793584756656
4.071849364469726
4.019856815512095
3.9675041450032418
3.917042112638303
3.8657247915892117
3.8168833062047702
3.767051486554469
3.715914226280989
3.6637866317416496
3.6134146297645167
3.5663737521361836
3.5178473731090607
3.4711216018380466
3.4226852531987295
3.3772199073569915
3.330449120892075
3.2835883040393528
3.2337564843890516
3.1872557890875512
3.138684394866526
3.089662848706474
3.042486925496433
2.9942756528266297
2.9488103069848917
2.901319277417531
2.8559889771575007
2.8127293758169953
2.765283361443538
2.7219787449091304
2.6775937637210565
2.632353493848832
2.5874733455278296
2.5448889720958654
2.4982982464065597
2.454228371575805
2.4112838765926186
2.366943910598448
2.324404552360387
2.2843410297869737
2.239821003017193
2.1980018878815737
2.157038061430107
2.11607423497864
2.0732197703832593
2.033606399748874
1.9943531506657095
1.952984187469118
1.9141360751310785
1.8742526133332762
1.8338289692086416
1.7915146869400933
1.7519463314996102
1.7079664870566615
1.6686682227795953
1.6252285606634789
1.5829592935888332
1.5436610293117665
1.5048129169737268
1.4656496982783684
1.4256762060927608
1.3894389750010785
1.3501857259179146
1.308996823496934
1.2676728754942452
1.2302202341671897
1.193712911912091
1.1552699363191758
1.1183124621250498
1.0819852006455621
1.0448926808697283
1.0089255409414624
0.9730484314010016
0.9361359724007785
0.902104485810329
0.8682080448015878
0.834491664568457
0.8036562567450999
0.7723256817888131
0.7426156538130239
0.7139409752969968
0.6862566310468295
0.6576719829186081
0.628097000524527
0.6021232336426627
0.5747990109437171
0.5481950313472149
0.5229865227616968
0.4992635155749679
0.47720607056263964
0.4552836711320194
0.4345316667428696
0.4141847990988442
0.39703401022191126
0.37821765917057804
0.3606617335485207
0.3448614004886692
0.32811574835686064
0.3132157191750633
0.29741538611521173
0.28310055445414967
0.2684256012418658
0.2555062405917878
0.2446125636673317
0.23421405387580543
0.22363548330866834
0.21161642653664448
0.20072274961218842
0.19131457408652178
0.181006094682801
0.17236317745348045
0.16462056410221418
0.15669788997533704
0.14931539817529246
0.14395859010086987
0.1370262502398524
0.13063409270566742
0.1253222998251475
0.12005552213853032
0.11393345576776165
0.1096119971531014
0.10457029543599775
0.09975366968840767
0.09507208952252572
0.09039050935664376
0.08665424826271875
0.08332312391391813
0.08057719708585276
0.07801133103339823
0.07495029784801388
0.07215935582604578
0.06932339861017499
0.06666750216991504
0.06437172728087678
0.062075952391838524
0.05964513192109212
0.05784452416498368
0.05617896199058338
0.05392820229544783
0.0522176249271448
0.05055206275274449
0.04870643980273334
0.04713090801613846
0.04533030026003001
0.0440698748307541
0.042854464595380906
0.04141397839049415
0.04096382645146704
0.04019856815512096
0.03862303636852607
0.03718255016363932
0.036237231091682386
0.03520188163192003
0.03457166891728208
0.03349130426361702
0.03281607635507635
0.03236592441604924
0.031015468598967907
0.030115164720913686
0.02948495200627573
0.02808948099529169
0.02723419231114018
0.0265139492086968
0.025838721300156138
0.024983432616004626
0.024038113544047692
0.023317870441604313
0.022507596951355516
0.02178735384891214
0.0212021563281769
0.020526928419636232
0.020211822062317253
0.019671639735484723
0.018996411826944056
0.0183661991123061
0.0179610623671817
0.017240819264738326
0.016655621744003084
0.016385530580586817
0.015980393835462417
0.015575257090338017
0.014900029181797352
0.01440486204886753
0.0142698164671594
0.013729634140326867
0.013234467007397046
0.01296437584398078
0.012379178323245536
0.011748965608607581
0.011433859251288604
0.011253798475677758
0.01084866173055336
0.010713616148845227
0.010353494597623537
0.010173433822012693
0.009858327464693716
0.009498205913472028
0.008913008392736784
0.00837282606590425
0.008012704514682563
0.00792267412687714
0.007787628545169007
0.007742613351266296
0.007427506993947321
0.007337476606141898
0.007247446218336476
0.007067385442725632
0.007022370248822921
0.006887324667114787
0.0065272031158931
0.006302127146379545
0.006122066370768701
0.005851975207352434
0.005716929625644302
0.005626899237838879
0.005491853656130747
0.005311792880519902
0.005401823268325324
0.004996686523200925
0.004906656135395503
0.004771610553687369
0.004636564971979236
0.004591549778076525
0.004186413032952125
0.0039163218695358595
0.0036462307061195937
0.0036462307061195937
0.0034661699305087493
0.003286109154897905
0.003241093960995194
0.003241093960995194
0.0031060483792870607
0.0030160179914816387
0.003016017991481639
0.002925987603676217
0.0027459268280653733
0.0027909420219680834
0.0027009116341626615
0.002745926828065373
0.0027009116341626615
0.002565866052454529
0.0023858052768436847
0.0022507596951355513
0.0022507596951355513
0.0022507596951355513
0.0022057445012328403
0.0020706989195247074
0.0019806685317192855
0.0018906381439138633
0.0018906381439138633
0.0018456229500111525
0.0019806685317192855
0.0019806685317192855
0.0019356533378165745
0.0018906381439138633
0.0018456229500111523
0.0018906381439138633
0.0018006077561084413
0.0018456229500111523
0.0018456229500111523
0.0018006077561084413
0.0018906381439138633
0.0018906381439138633
0.0019356533378165745
0.0019356533378165745
0.0019356533378165745
0.0018006077561084413
0.001845622950011152
0.0018906381439138629
0.0017105773683030192
0.001620546980497597
0.001575531786594886
0.0015305165926921748
0.001575531786594886
0.0015305165926921748
0.0015305165926921748
0.0013504558170813305
0.0013504558170813305
0.0013504558170813305
0.0013504558170813305
0.0013504558170813307
0.001350455817081331
0.001350455817081331
0.0013054406231786198
0.0013054406231786198
0.001260425429275909
0.00130544062317862
0.0012604254292759088
0.0012604254292759088
0.0013054406231786198
0.0013054406231786198
0.0011703950414704868
0.0011253798475677756
0.0012604254292759088
0.0012154102353731978
0.0011703950414704866
0.0010803646536650645
0.0010803646536650645
0.0010353494597623537
0.0010353494597623537
0.0009903342658596425
0.0009003038780542205
0.0008102734902487985
0.0007652582963460874
0.0007652582963460874
0.0007202431024433762
0.0007202431024433762
0.0007202431024433763
0.0006752279085406653
0.0006752279085406653
0.0007202431024433762
0.0007202431024433762
0.0007652582963460872
0.0006752279085406653
0.0006752279085406653
0.0006752279085406653
0.0006752279085406653
0.0006752279085406653
0.0006302127146379543
0.0006302127146379543
0.0005851975207352432
0.0005401823268325322
0.0004951671329298213
0.0005401823268325322
0.0004951671329298213
0.0004951671329298213
0.0004951671329298213
0.0004951671329298213
0.0004951671329298213
0.0004951671329298213
0.0004951671329298213
0.0004951671329298213
0.0004951671329298213
0.00036012155122168817
0.00036012155122168817
0.00036012155122168817
0.00036012155122168817
0.00036012155122168817
0.00036012155122168817
0.00036012155122168817
0.00036012155122168817
0.00036012155122168817
0.00036012155122168817
0.00036012155122168817
0.0004051367451243992
0.0004051367451243992
0.0004051367451243992
0.00036012155122168817
0.00036012155122168817
0.0003151063573189772
0.00027009116341626617
0.00027009116341626617
0.00022507596951355514
0.00022507596951355514
0.00022507596951355514
0.00022507596951355514
0.00022507596951355514
0.00022507596951355514
0.00022507596951355514
0.00022507596951355514
0.00022507596951355514
0.00022507596951355514
0.00022507596951355514
0.00018006077561084409
0.00018006077561084409
0.00018006077561084409
0.00013504558170813308
0.00013504558170813308
0.00013504558170813308
9.003038780542204e-05
0.00013504558170813308
0.00013504558170813308
0.00013504558170813308
0.00018006077561084409
0.00018006077561084409
0.00018006077561084409
0.00018006077561084409
0.00013504558170813308
0.00013504558170813308
0.00013504558170813308
0.00013504558170813308
0.00013504558170813308
0.00013504558170813308
0.00013504558170813308
9.003038780542204e-05
9.003038780542204e-05
9.003038780542204e-05
9.003038780542204e-05
9.003038780542204e-05
9.003038780542204e-05
9.003038780542204e-05
9.003038780542204e-05
9.003038780542204e-05
0.00013504558170813308
0.00018006077561084409
0.00018006077561084409
0.00018006077561084409
0.00018006077561084409
0.00018006077561084409
0.00018006077561084409
0.00018006077561084409
0.00018006077561084409
0.00018006077561084409
0.00022507596951355514
0.00022507596951355514
0.00022507596951355514
0.00022507596951355514
0.00022507596951355514
0.00022507596951355514
0.00022507596951355514
0.00018006077561084409
0.00018006077561084409
0.00018006077561084409
0.00013504558170813308
0.00013504558170813308
0.00013504558170813308
0.00013504558170813308
0.00013504558170813308
0.00013504558170813308
0.00013504558170813308
0.00013504558170813308
0.00013504558170813308
0.00013504558170813308
0.00013504558170813308
0.00013504558170813308
0.00018006077561084409
0.00018006077561084409
0.00018006077561084409
0.00018006077561084409
0.00018006077561084409
0.00018006077561084409
0.00018006077561084409
0.00018006077561084409
0.00013504558170813308
9.003038780542204e-05
9.003038780542204e-05
9.003038780542204e-05
9.003038780542204e-05
9.003038780542204e-05
9.003038780542204e-05
9.003038780542204e-05
9.003038780542204e-05
9.003038780542204e-05
4.501519390271102e-05
4.501519390271102e-05
4.501519390271102e-05
4.501519390271102e-05
4.501519390271102e-05
4.501519390271102e-05
4.501519390271102e-05
4.501519390271102e-05
4.501519390271102e-05
4.501519390271102e-05
4.501519390271102e-05
4.501519390271102e-05
4.501519390271102e-05
4.501519390271102e-05
4.501519390271102e-05
4.501519390271102e-05
4.501519390271102e-05
4.501519390271102e-05
4.501519390271102e-05
4.501519390271102e-05
4.501519390271102e-05
4.501519390271102e-05
4.501519390271102e-05
4.501519390271102e-05
4.501519390271102e-05
4.501519390271102e-05
4.501519390271102e-05
4.501519390271102e-05
4.501519390271102e-05
4.501519390271102e-05
4.501519390271102e-05
4.501519390271102e-05
4.501519390271102e-05
4.501519390271102e-05
4.501519390271102e-05
4.501519390271102e-05
4.501519390271102e-05
4.501519390271102e-05
4.501519390271102e-05
4.501519390271102e-05
