intensityVsPixelDistance
9.41227681512766e-05
9.41227681512766e-05
9.41227681512766e-05
9.41227681512766e-05
9.41227681512766e-05
9.41227681512766e-05
9.41227681512766e-05
9.41227681512766e-05
9.41227681512766e-05
9.41227681512766e-05
9.41227681512766e-05
9.41227681512766e-05
9.41227681512766e-05
9.41227681512766e-05
9.41227681512766e-05
9.41227681512766e-05
9.41227681512766e-05
9.41227681512766e-05
9.41227681512766e-05
9.41227681512766e-05
9.41227681512766e-05
9.4232789583551e-05
9.429672135753991e-05
9.438289257802227e-05
9.449896556291284e-05
9.459117184193572e-05
9.469340429513627e-05
9.476142215519155e-05
9.484424780054509e-05
9.493230463103397e-05
9.502402204470173e-05
9.510248060795319e-05
9.519004846947595e-05
9.5287750831397e-05
9.540116626069395e-05
9.551100379336233e-05
9.560672132984888e-05
9.570414877311311e-05
9.581010423236519e-05
9.588611960031984e-05
9.5970227262324e-05
9.607217417009002e-05
9.617712504537713e-05
9.625980561190572e-05
9.63515737723931e-05
9.64637107030276e-05
9.656653658445083e-05
9.667607780085459e-05
9.678093253596072e-05
9.689428294987022e-05
9.701609277788393e-05
9.71406402161292e-05
9.726450536553685e-05
9.739079056743537e-05
9.75183343132905e-05
9.76543608372807e-05
9.780340665750747e-05
9.794702950689277e-05
9.809876803440265e-05
9.827637627850649e-05
9.845215334335803e-05
9.863119245463645e-05
9.88123803567874e-05
9.899930800237545e-05
9.920289852117404e-05
9.94104812695291e-05
9.962634236676601e-05
9.985882979342828e-05
0.00010010002075259733
0.00010034996064168722
0.00010060041709218524
0.00010087136422588624
0.00010114276792333625
0.00010141850322357492
0.00010172098849872356
0.00010203688998441797
0.00010235693030707222
0.00010268348632263159
0.00010303376505888673
0.00010339537633270282
0.00010377257543112138
0.00010416340590030111
0.00010455991104765321
0.00010498535925616378
0.00010541102495674904
0.00010585691025360265
0.0001063214807550856
0.0001068060838032498
0.00010730341237452144
0.00010781156334338353
0.00010833424952579896
0.00010888071567213835
0.00010942144206004575
0.0001099903375399109
0.00011056379267776535
0.00011115633689472578
0.00011176016849186204
0.0001123776202744844
0.000113009336067185
0.00011364459435104996
0.00011431289481801478
0.00011499420841711117
0.0001156975115945867
0.00011642295210553136
0.00011716329141568511
0.00011793710857159443
0.00011872622698282173
0.00011954556801656871
0.00012040326749016085
0.00012127030124213715
0.00012216678276837247
0.00012308074899654737
0.00012403441000169674
0.00012502230718560762
0.0001260323297403532
0.00012707189848942628
0.00012814906830409798
0.00012924989267231363
0.000130388464399656
0.00013156453714592702
0.00013275917338651422
0.00013399002008289987
0.00013524033555503895
0.00013653014717344639
0.00013784316104586915
0.00013916732343198122
0.00014052134987410823
0.00014188602132486524
0.0001432853959703276
0.00014470715352819238
0.00014614473041121552
0.00014760578924833973
0.00014907659687425284
0.00015058281300672473
0.00015209832284036998
0.00015361312113183767
0.00015515523758406687
0.00015669342669113816
0.00015825366828713122
0.00015981549374095922
0.00016138232448306532
0.00016295706508643906
0.00016453272210119357
0.00016611007764443696
0.00016769527528070043
0.00016928121442773674
0.00017087444113279132
0.0001724625600883299
0.0001740265268288079
0.0001756067568901034
0.00017718671037726647
0.00017877759681637236
0.0001803633792880227
0.00018194202412190775
0.00018352396553451424
0.00018511313248873048
0.00018669859271396144
0.00018829646137660856
0.00018987626602141145
0.0001914675595553627
0.00019305680146082985
0.00019464653107898475
0.00019627666475579149
0.00019788820302989437
0.00019954078884659374
0.00020119792099812143
0.00020288076530770017
0.000204581438305061
0.00020629261831134755
0.00020803108894505527
0.00020979127054645552
0.00021157323207430482
0.0002133979107780778
0.00021522752048530085
0.00021710629063445458
0.00021902857890114275
0.00022097800061096805
0.00022297686062377938
0.00022501726703125148
0.0002271161872068608
0.00022924808047450926
0.00023144146382900752
0.00023367515840862544
0.00023595477672366767
0.00023827715987652896
0.00024062783239828407
0.00024304581384214288
0.00024550090643622475
0.00024803242319051526
0.00025058950027235247
0.0002531914479097172
0.0002558569673466337
0.00025855082816413034
0.00026130651140224823
0.00026407897040989215
0.00026689590639134204
0.000269760730026954
0.0002726301132069161
0.00027556514553626194
0.0002785050031959316
0.0002814937317121714
0.0002845000573701897
0.0002875058295683907
0.00029057647957964
0.00029362009272964305
0.00029669433896982597
0.00029976414855666377
0.0003028450802783946
0.0003059479828099904
0.0003090456466195988
0.0003121672736172004
0.00031527726537032916
0.00031838884238192156
0.00032151040863393545
0.00032460887931062355
0.0003277142821570243
0.0003308052590752547
0.0003338920224156077
0.0003369525531556055
0.00033999117057846286
0.0003430283180506855
0.00034600962034349677
0.00034899741772747954
0.0003519526039506166
0.0003548947883672235
0.00035782533041974927
0.0003606987425432374
0.0003635700775591002
0.00036639346750511883
0.00036920842014036834
0.00037199878206314196
0.00037472738585792416
0.00037745613691151644
0.0003801389493324366
0.00038281265454596507
0.0003854335424716207
0.0003880261100466807
0.0003905988386368288
0.00039310684016533964
0.00039560536686094976
0.0003980632828322183
0.00040049191297100137
0.0004028890447244334
0.00040522325590246184
0.0004075585361159673
0.0004098520130233533
0.0004121295018496439
0.00041438168286933716
0.0004165907369992803
0.00041878996940381664
0.00042094668001380064
0.00042309079408921007
0.0004252109687106105
0.0004273134491951473
0.00042940148244417444
0.0004314560037266368
0.0004334858413919153
0.00043549703597745335
0.000437490680417161
0.00043946291534186383
0.00044139145979660505
0.0004433222979444398
0.00044519897901146364
0.0004470488574089285
0.00044886601585444766
0.00045065683288156663
0.0004524150431518124
0.0004541320188684401
0.00045581794622285795
0.00045746518653706184
0.00045907219715037246
0.0004606483767193887
0.0004621743276300199
0.0004636556415141017
0.0004651098111245253
0.00046652206824099356
0.00046788814306458206
0.000469209414155285
0.00047049119415536677
0.00047172972678841314
0.00047292614500935883
0.00047408344641867577
0.0004751992764483993
0.0004762680092645123
0.0004772954623056068
0.00047827422340452296
0.0004792052633733912
0.0004800801946798427
0.00048091783423038576
0.00048171195685257743
0.00048244089577206096
0.0004831347879202298
0.00048377236315150186
0.0004843499539086022
0.00048488578766849526
0.0004853719990085042
0.0004858072569926055
0.0004861861781821523
0.0004865211545731151
0.0004868078385955515
0.0004870561172762494
0.0004872421295699618
0.0004873907642606283
0.0004874965313290301
0.00048754799402270005
0.0004875693192653481
0.0004875474175504551
0.0004874954109721556
0.00048740812419490376
0.00048728704548992946
0.00048714667244047905
0.0004869578137610991
0.00048674100233992487
0.00048648768597652804
0.000486191091415779
0.00048586568004291536
0.0004854962111411887
0.00048511070991716
0.00048468927004629116
0.000484217477396631
0.0004837395594892738
0.00048320150021751286
0.00048263393467731916
0.00048203335617984905
0.0004813846856443682
0.000480725236182046
0.00048001203630270415
0.0004792985525129349
0.0004785480430524202
0.00047775294260483654
0.0004769615644136848
0.00047611818935899483
0.000475255493674539
0.00047435654365491633
0.0004734205892016639
0.000472457143550821
0.00047145457040304896
0.00047041725524045507
0.000469356489456027
0.00046824636489391675
0.00046710985101788995
0.0004659545271979306
0.0004647790169641555
0.0004635810502018067
0.00046236778388358645
0.000461123624839993
0.0004598629100804237
0.00045858314739513026
0.00045727392167086805
0.00045593169652928897
0.00045456612309332476
0.00045318239697081754
0.0004517649864548795
0.0004503301517997157
0.00044885624624199926
0.00044737504607411877
0.00044587522248943864
0.00044433730236707284
0.0004427838171940871
0.00044120741072468993
0.0004395794520759004
0.00043795709683288
0.00043630577051294707
0.0004346419297494473
0.00043294990303091216
0.0004312295848363001
0.0004295148126187973
0.00042774010088744274
0.00042594860157585824
0.0004241272169111201
0.0004222709627558844
0.0004204014398482562
0.00041848680829840697
0.00041655614316426733
0.0004146008108454276
0.00041262479737691395
0.0004106420717722207
0.00040862752588442336
0.00040659258788325163
0.0004045631934478479
0.0004025089356043313
0.00040045038571543626
0.0003983589588690067
0.00039627310664579955
0.00039414776567490593
0.0003920183356316606
0.0003898710789176406
0.00038768923520526583
0.0003855126606462964
0.00038329420350225813
0.000381049548085214
0.00037879483613086285
0.00037652775821950095
0.00037424501230770135
0.0003719464060991803
0.00036963044980225547
0.00036729112197450423
0.00036493635638553
0.00036255624642728785
0.00036018254267540647
0.00035778220354399834
0.0003553533684209065
0.0003529175726277202
0.00035045305293069826
0.00034798676988881757
0.0003454958508624551
0.00034297938050805983
0.0003404579959236535
0.0003379123024356231
0.00033536592455707826
0.00033279209861774976
0.00033020283823055683
0.00032762346959070847
0.00032502034969230796
0.000322418487464266
0.0003197921776339563
0.00031716248604943996
0.0003145394495059336
0.0003118902315460174
0.0003092378924294869
0.00030656791311370617
0.00030388124461814235
0.0003011926948622313
0.000298481421367506
0.0002957823943805307
0.00029304550174076506
0.0002903055902863177
0.0002875497977042666
0.0002847691093814103
0.00028201198014711953
0.00027923488936963675
0.0002764636985865771
0.0002736725531257806
0.0002708831748229562
0.0002680951293931585
0.00026529890785654235
0.0002625168290623441
0.000259732469035687
0.000256987440137401
0.00025424114987316823
0.00025151344060581613
0.0002488159121434904
0.0002461193121774869
0.00024345533190723727
0.00024079417545680855
0.0002381552296681855
0.00023553157192430328
0.00023292353830256648
0.0002303426679840563
0.00022776738127542234
0.00022521952357864726
0.00022268397617192665
0.0002201576074700084
0.00021765971963600425
0.00021515803365669344
0.00021268556903052363
0.00021021445887097796
0.00020776059499936274
0.00020533188174627393
0.00020289793791619423
0.00020049969852366288
0.00019811275173845002
0.00019575156716369825
0.00019339763052370683
0.00019106586382370262
0.00018876394231786284
0.00018647250568144477
0.00018421637264093613
0.00018198204497696488
0.00017977132556032936
0.0001775984073029721
0.00017543447889933837
0.00017331331334065464
0.00017120479542516532
0.00016913267747421524
0.00016708736187464294
0.00016506114707873158
0.00016307847070129891
0.00016108960268448985
0.00015912320671702338
0.00015717726493426134
0.00015525085830872597
0.00015335155616787914
0.00015145597812137336
0.00014959948532288815
0.0001477571716798987
0.00014593882700211753
0.00014415305365108447
0.0001423725668246759
0.00014062555978525067
0.00013889054810069332
0.0001371844131971618
0.00013550209730291238
0.00013383876875987862
0.00013220588296672105
0.00013058596521542466
0.0001289942604676462
0.00012742012707865998
0.00012586389356794223
0.00012433009237365186
0.00012281311546741923
0.00012131345493159825
0.00011983275612543471
0.00011837103900500098
0.0001169180558399977
0.00011548489198227567
0.0001140728459568522
0.00011267124809679198
0.00011128543130546053
0.00010990978659344916
0.00010854478893668512
0.00010719836057003227
0.00010585486121812036
0.00010453071227301444
0.00010320798372855698
0.00010189585718964857
0.00010060042076845257
9.931078224569129e-05
9.803697626980704e-05
9.677158947274634e-05
9.552266111695172e-05
9.427916693993315e-05
9.304303361113194e-05
9.18253321964274e-05
9.061052758906753e-05
8.941325727169869e-05
8.822842105331592e-05
8.704609072395968e-05
8.588824857412704e-05
8.473822073699813e-05
8.360720584855944e-05
8.248214414532395e-05
8.137245080502546e-05
8.027666859846465e-05
7.919383815150341e-05
7.812975225548429e-05
7.707500382053605e-05
7.603821840650083e-05
7.501393953141982e-05
7.401018844236371e-05
7.301564515452426e-05
7.204072809926712e-05
7.107514703877137e-05
7.012571190680038e-05
6.919468087780919e-05
6.827656780957178e-05
6.737477204042484e-05
6.648632253908508e-05
6.561398942448627e-05
6.47611303298381e-05
6.391467391466085e-05
6.308707611484696e-05
6.227733822298075e-05
6.148416290735187e-05
6.071050161726819e-05
5.994901071800888e-05
5.920184372132674e-05
5.8471649102663224e-05
5.775182018089177e-05
5.7045847273032726e-05
5.634953549571614e-05
5.5672595873180935e-05
5.500873849208266e-05
5.436012427974268e-05
5.372622313338245e-05
5.3101968966886334e-05
5.2489892506625766e-05
5.189194968819386e-05
5.13062650009449e-05
5.073212083578729e-05
5.016922423902791e-05
4.962119420037268e-05
4.908018068603435e-05
4.85508474198313e-05
4.803342572586605e-05
4.7521148535326747e-05
4.702404701951481e-05
4.653513364920626e-05
4.605651676629535e-05
4.558669703300989e-05
4.513351968206744e-05
4.468856853658484e-05
4.4251170158894076e-05
4.382609268319232e-05
4.341374208547572e-05
4.300804493786854e-05
4.261704653136833e-05
4.2237601758193455e-05
4.1866089662235626e-05
4.1504378492120256e-05
4.1154382926598056e-05
4.08111995873296e-05
4.04787967153066e-05
4.01566033710243e-05
3.984233123239522e-05
3.954011334184757e-05
3.9244870932271505e-05
3.895796744447402e-05
3.868084428275174e-05
3.8414224958315026e-05
3.8158735638299445e-05
3.790604468762434e-05
3.766764492769445e-05
3.743510798787759e-05
3.7207955580223156e-05
3.6991764996436605e-05
3.678185014715538e-05
3.658126928693408e-05
3.6386186404126496e-05
3.6195911592110705e-05
3.601111494348363e-05
3.5831466495449836e-05
3.566112968782593e-05
3.549674201719458e-05
3.533834130118937e-05
3.519281223706971e-05
3.5048117799604524e-05
3.490941067258169e-05
3.477766676171947e-05
3.465383607850174e-05
3.452877485035187e-05
3.4411063529320306e-05
3.430135998966428e-05
3.419584616279274e-05
3.4091440752886787e-05
3.399075325230776e-05
3.38902847857772e-05
3.3795248351446976e-05
3.370048686049417e-05
3.360620178628075e-05
3.351776584969672e-05
3.343280109800128e-05
3.334822024936183e-05
3.3258555257167176e-05
3.317244961619219e-05
3.308372183360017e-05
3.2996870277193186e-05
3.290946303160666e-05
3.2824354080354544e-05
3.2738586030468656e-05
3.265141036635118e-05
3.2563334089055865e-05
3.247585288359539e-05
3.2388574979163825e-05
3.2304018889838716e-05
3.221825226229322e-05
3.2132746482751545e-05
3.204716818620529e-05
3.196431526328009e-05
3.188006863883161e-05
3.180034649681034e-05
3.172194457289239e-05
3.164291927211083e-05
3.156268623122038e-05
3.1480814021845654e-05
3.1398073653171215e-05
3.131697335528904e-05
3.123692585562583e-05
3.11582136173345e-05
3.107772603112121e-05
3.0998658084670325e-05
3.091417413384589e-05
3.08302731760575e-05
3.0743548206519825e-05
3.0661449727944335e-05
3.057496573214869e-05
3.0488456275249568e-05
3.0401724340639436e-05
3.0314951080714677e-05
3.022686746897033e-05
3.0138117037930683e-05
3.004426666737496e-05
2.994998273515933e-05
2.985788733318336e-05
2.976482564669877e-05
2.9675754058278363e-05
2.9585950532763247e-05
2.9493088798464245e-05
2.9400657842425874e-05
2.9308413378311532e-05
2.921650938768798e-05
2.9130809127817926e-05
2.904104893628017e-05
2.8950493560920858e-05
2.8860136759937676e-05
2.877078848645161e-05
2.867931208475121e-05
2.859130776084495e-05
2.8498615493114694e-05
2.841390991932784e-05
2.8324703903439282e-05
2.8235460690378847e-05
2.814363695865647e-05
2.8054869368525055e-05
2.796972160534256e-05
2.7885278817184657e-05
2.7798411289741543e-05
2.771416525147166e-05
2.7630029652404912e-05
2.754347697129756e-05
2.745712799961209e-05
2.737458399824231e-05
2.7292834693046942e-05
2.7212843419016136e-05
2.7128144549812023e-05
2.7050803949053234e-05
2.69722128586297e-05
2.6890043969009784e-05
2.6812038823970812e-05
2.6735643453274214e-05
2.666287857274026e-05
2.6588031777760528e-05
2.6522124861655216e-05
2.645746549923629e-05
2.6390808162338977e-05
2.6324483174077507e-05
2.6260325825103974e-05
2.6196799526868646e-05
2.6133722031211027e-05
2.6076108485198105e-05
2.6018618201581317e-05
2.5960654503054417e-05
2.590490036631984e-05
2.5851036908400903e-05
2.5803377114686528e-05
2.5753057151853063e-05
2.5709601803418683e-05
2.566391150923022e-05
2.5624134017091326e-05
2.557659021848683e-05
2.553234238658087e-05
2.54896450567716e-05
2.545443679404374e-05
2.5412614815952164e-05
2.5366566631864694e-05
2.5321705397753992e-05
2.5280078979629086e-05
2.5234654375861355e-05
2.518941790073954e-05
2.5150528248311055e-05
2.510435083007792e-05
2.5061575081253237e-05
2.5016174437024916e-05
2.4970988354994916e-05
2.4927038713408354e-05
2.4881948053803527e-05
2.4836646877253752e-05
2.479936369194042e-05
2.4756248098593344e-05
2.4718834310809122e-05
2.4673443547777614e-05
2.462818944857767e-05
2.457492327187515e-05
2.4528226247482113e-05
2.447730290764374e-05
2.4428928909831003e-05
2.436942383581599e-05
2.431594772088472e-05
2.4265350002110928e-05
2.4210986217165306e-05
2.4157899161783163e-05
2.41017446476917e-05
2.403789313314168e-05
2.397667548668599e-05
2.3910611009496938e-05
2.384054985898275e-05
2.3771851242825347e-05
2.3699825594309813e-05
2.3634901380415848e-05
2.3572056076344652e-05
2.3506162066853876e-05
2.3431938941966874e-05
2.33551737015225e-05
2.3284278211195326e-05
2.3217627693609297e-05
2.315211528592188e-05
2.3086673015344446e-05
2.3021774258625436e-05
2.2955113034506234e-05
2.288356861658067e-05
2.282342973441171e-05
2.2768450376904935e-05
2.2709218265811765e-05
2.264778198166332e-05
2.259036650948245e-05
2.253205021237164e-05
2.2475679951126705e-05
2.240823226305437e-05
2.2353700503323185e-05
2.2285412021032612e-05
2.22215674702504e-05
2.216171479147548e-05
2.2109483483016322e-05
2.205469998457952e-05
2.2009279343927078e-05
2.195872093250896e-05
2.1908318932851328e-05
2.185477345915838e-05
2.1804732678192737e-05
2.177599102793722e-05
2.1704527565505775e-05
2.1680313754974973e-05
2.1680313754974973e-05
2.1680313754974973e-05
2.1680313754974973e-05
2.1680313754974973e-05
2.1680313754974973e-05
2.1680313754974973e-05
2.1680313754974973e-05
2.1680313754974973e-05
2.1680313754974973e-05
2.1680313754974973e-05
2.1680313754974973e-05
2.1680313754974973e-05
2.1680313754974973e-05
2.1680313754974973e-05
2.1680313754974973e-05
2.1680313754974973e-05
2.1680313754974973e-05
2.1680313754974973e-05
2.1680313754974973e-05
