intensityVsPixelDistance
18.745481758128467
18.745481758128467
18.745481758128467
18.745481758128467
18.745481758128467
18.745481758128467
18.745481758128467
18.745481758128467
18.745481758128467
18.745481758128467
18.745481758128467
18.745481758128467
18.745481758128467
18.745481758128467
18.745481758128467
18.745481758128467
18.745481758128467
18.745481758128467
18.745481758128467
18.745481758128467
18.745481758128467
18.669164554262537
18.62867028310967
18.615951651098683
18.616615077649882
18.631580351771596
18.658087571102786
18.700108101786146
18.74691415471956
18.804255308023393
18.85931589729044
18.926339031942753
19.00021569773413
19.075233930831434
19.15258529192422
19.243131387474296
19.329231532939563
19.416132696884617
19.50596845693543
19.592884625544375
19.678934951744218
19.77198089165119
19.87241819994378
19.983060658223916
20.104384091898098
20.235707864771324
20.37389385453961
20.51857334918775
20.672537301449594
20.828583396399576
20.976289614357214
21.126642822955663
21.275156300596453
21.420891601349606
21.565844454198995
21.704434168671085
21.845133370952173
21.977785711718656
22.108187490940388
22.23853119322383
22.366785267296542
22.497137212889218
22.628697314969006
22.76667775292244
22.90574645308798
23.043450830709197
23.181194238488736
23.319917270119497
23.452719957793086
23.58094247500892
23.712399521850845
23.842218548215207
23.97044307371973
24.096011118246892
24.225594312919004
24.35712712777434
24.498520387502012
24.652431354115404
24.81058769922746
24.985239258654342
25.16771307117775
25.355035081065974
25.54696858439658
25.752116251953836
25.95878112747807
26.170670561699147
26.389913201136164
26.615523712961068
26.84950622113564
27.092172968080547
27.344959181606008
27.608280822731444
27.886221534518526
28.183893780525295
28.495801633315903
28.824535067549515
29.16842843486418
29.51963888587053
29.885396490721458
30.253865848195957
30.632481768408613
31.016433098637822
31.40792100469672
31.805394229932748
32.214133617671635
32.637524132001246
33.074926814130365
33.53133290824381
34.01705606152772
34.525321707470106
35.05228405177764
35.60165213846468
36.174812397852875
36.76780135073809
37.385398540399834
38.01351601062095
38.65571095481178
39.293701281327046
39.94539506188814
40.59612990029941
41.25878291417391
41.936818200190054
42.6226542640785
43.32040335273195
44.02637926111229
44.74054063159716
45.47997437472916
46.23144717539356
47.018952243683884
47.8209397974597
48.66186941746069
49.53760418291217
50.44953063797261
51.397527788972404
52.38349158518016
53.41488426145589
54.48243514506579
55.59887552751323
56.756239464758956
57.969879116810176
59.23820231302551
60.56795958749224
61.968535020618226
63.441311444336904
64.97987171813928
66.59752300247949
68.28399973396247
70.04686717250372
71.88073476952664
73.79365567502937
75.80087565094823
77.89796016078301
80.09345126037465
82.38266164582053
84.77106285520668
87.2742373642145
89.88887827010008
92.63497686283308
95.50351634688165
98.50783047562987
101.6463712225061
104.92035733933906
108.33291942509894
111.87386637757574
115.55667857431189
119.37169331193233
123.30237884037855
127.36995199812748
131.55115765181057
135.86004676008972
140.2538124680794
144.73025543076912
149.27828182300433
153.88949652750088
158.5558624397549
163.23825820778725
167.9314952323104
172.62153549655324
177.29511155649726
181.94738745928504
186.54556347612382
191.1048497705614
195.59992468121763
200.0308147369837
204.39541620569548
208.68777833088632
212.91876140110617
217.0650008275538
221.11710740544012
225.0684208571882
228.9084499387713
232.63836028298397
236.23440239389262
239.7084350100563
243.04977309895938
246.26870778668584
249.35547232434214
252.2925067124364
255.0862211085256
257.7317812572237
260.2167695666811
262.5208977324351
264.6611762714135
266.638477093876
268.42607149948
270.01854024564113
271.42033651167804
272.61081130245145
273.6053870522263
274.36782820092105
274.91637405728835
275.2394987147534
275.3546899155633
275.25556197127105
274.9354555604976
274.459943369519
273.8204712641904
273.04367207662216
272.13187715854986
271.08772476590985
269.9466489949036
268.6611301460249
267.24119531922184
265.6612336723105
263.92353782063657
262.01860160210566
259.9203688445318
257.63946592740314
255.18647080706202
252.55823528135912
249.75452150110723
246.77684431129595
243.64140299443122
240.3649361228204
236.94303461918116
233.35926403119527
229.63116447617594
225.7702722386276
221.7731634446377
217.62209587092383
213.35190983135493
208.97489888615704
204.49337969450545
199.90873497121115
195.24985683809751
190.54486828004835
185.78724595156655
180.99461564677713
176.1481123018769
171.2859946304206
166.41537861208752
161.55406577771703
156.70340628815907
151.8772896301082
147.1004743823448
142.34204548423693
137.62608930807622
132.95123966569946
128.32435958778171
123.74982717043004
119.22459432422579
114.77334766237915
110.416866797146
106.16787471208227
102.04441213188338
98.04449419767413
94.19345822669536
90.49724973887693
86.95324379407343
83.57208721434627
80.34876430279357
77.28945891692636
74.39043321025594
71.63348211030828
69.027584007091
66.56459536016632
64.2378063651025
62.05054006625687
59.99000402932361
58.07993194113194
56.27941296113636
54.594389596184705
53.013400501752294
51.53553674541518
50.158211639772595
48.860890085395994
47.65026801804176
46.51937194287145
45.46566505951125
44.49392269777473
43.59326233084063
42.77236984983996
42.01673769346412
41.32130384824474
40.67961238035133
40.08091272795495
39.52327419333493
38.99696674247936
38.50105395929941
38.028616114742505
37.572738181099865
37.13968470728187
36.709286156787755
36.293129667260914
35.87629813346468
35.46293039865732
35.04671600222366
34.62214523542086
34.19401299582791
33.752943896445124
33.30488901828223
32.84650611335952
32.37806836961296
31.898462429473778
31.40488914453574
30.904226988487352
30.39487175364243
29.874928214872057
29.3500750426757
28.816103375060898
28.283765560410902
27.74891708029591
27.211994661747216
26.668431264688678
26.11622866437649
25.558642438747103
24.998039553339073
24.435758928154797
23.880125704976646
23.331664960675848
22.79281920537945
22.254597271942075
21.720476932506187
21.191120688994467
20.667535992697918
20.15222170348866
19.64793321729511
19.15376082314682
18.672272166871398
18.20288086659686
17.750128904362864
17.310807348804897
16.887739302263657
16.478773191698618
16.084585172227946
15.7028385628174
15.337552714210402
14.987669798561075
14.65565332330683
14.342988009651132
14.04851453554994
13.769217340265687
13.504335735710605
13.255764110156592
13.021612363951084
12.802507748657053
12.600000458780848
12.411507476862184
12.234571434845748
12.068772531607726
11.91337476552629
11.77245760992826
11.639054862584144
11.511910631518985
11.391237862028035
11.27825227092361
11.170076164684371
11.065815865735942
10.963518397058548
10.862828712425479
10.765135877080871
10.669490177146237
10.575288657269141
10.483033251069386
10.38958837642387
10.299403814352535
10.2096547237573
10.118138830830693
10.027800949573852
9.93587630424703
9.843272457975774
9.748840008046521
9.650883887128638
9.5532181739562
9.453094821510177
9.352325709357562
9.250205759709347
9.14688879762315
9.043503260785831
8.938377354884496
8.832694097110616
8.726888883928448
8.619803456241176
8.513175031707691
8.406283610289412
8.300757069255303
8.191405304763556
8.0834547458561
7.976927954278905
7.869904089344131
7.764134507037418
7.654110801277505
7.54770759018675
7.44435645049076
7.343657333057782
7.244764847047372
7.148665091799932
7.055592416344396
6.9639554238519175
6.876214123895539
6.791927513040886
6.709508941056366
6.63182646006261
6.555735106776584
6.484556368655501
6.415706281620093
6.351660030154658
6.289208680783828
6.230390720501521
6.1736251660795345
6.116867073369761
6.062814702383724
6.010803018068619
5.959895429417581
5.911063631103937
5.862418236223072
5.814847271737007
5.768290298650857
5.721755179715692
5.676867426391676
5.630547427192546
5.583584152254773
5.539952040571753
5.494510345926226
5.447847830759046
5.399877240920078
5.353484187955565
5.303767088655043
5.252351721372619
5.201887418442147
5.150019340366632
5.098952821577613
5.047458666586381
4.9944014722457775
4.941193578469105
4.8879332797683
4.833739616792792
4.77856145095478
4.723815490628738
4.669254699888342
4.61326794496466
4.55849645266515
4.502487034139493
4.4471505284573265
4.391740140523128
4.336780623866896
4.28103615196678
4.227109637719807
4.173497548129848
4.121226084519627
4.06923524989116
4.017674195286759
3.96734679297456
3.9171472592131655
3.8666044710137704
3.817691860558641
3.7700976184854444
3.722510610013945
3.6755274127428668
3.628045481378144
3.582301094191978
3.539128118664506
3.493638865863765
3.4496774009806064
3.405574261342181
3.3619823041074026
3.3191899891037226
3.2782528364767587
3.238976072319321
3.199424921789986
3.160497782326562
3.121264349520368
3.081713122953305
3.0430617165961875
3.0044251716072714
2.9652718061665224
2.9271067679415093
2.8889023486605514
2.8517982424560895
2.815871489285414
2.780408332595225
2.7452306180701602
2.7102108226183135
2.67665832935224
2.6428988221258605
2.609408936569031
2.5763345753950024
2.544931496534646
2.512469521559904
2.4799328510542495
2.4497174180025825
2.419798419220831
2.391558564736272
2.3626482106595996
2.335033951468246
2.308608283152016
2.2825648475463645
2.2580127980792404
2.233137827746611
2.20985152211418
2.1872231459402878
2.1646736978720162
2.144000729630139
2.1234310612037945
2.1031140797668697
2.0845360501270696
2.0664566319530815
2.0485430758040843
2.0299417216503715
2.0122201720921966
1.9949042624374602
1.9779464951193606
1.9610111439354165
1.944371805412607
1.9274464008427463
1.9117696331457885
1.8956295976532453
1.881037908808007
1.8663332544261015
1.8498264246944254
1.8348475833682338
1.8200199442008704
1.8044310719693677
1.7872983439647332
1.7716450809185438
1.7562901559506154
1.739878984561633
1.7224297446517622
1.7060933064544777
1.6881281880130912
1.669699368242808
1.651155942928451
1.6318992073802798
1.6149144480275222
1.5982181360994918
1.5808828114792626
1.5641157138594453
1.5465601868681327
1.530360951732956
1.5134086334349985
1.4969168813915728
1.4788834396741208
1.4608791465352835
1.4437565819874194
1.427784421491758
1.411052065086128
1.3940573414171344
1.3775215342852074
1.3623142056767688
1.3463535253752763
1.3311648869366675
1.3162090057729396
1.3018368164101513
1.2874056403589778
1.2736968138623608
1.2602595720156502
1.2473370500554402
1.2345919548270077
1.2232353391736592
1.2121673680166847
1.201229541628383
1.1908398754286493
1.180652344920216
1.1726913496167912
1.1632331245364185
1.1539170068846285
1.1449829041891886
1.1365023788247473
1.1281710793447963
1.1208109634781622
1.1139095703643513
1.1067591364548834
1.099609451069265
1.0918928972578488
1.0833812582341888
1.0752048174491318
1.0655805942083412
1.0568141450237682
1.047431096104348
1.0395267474807373
1.0312762390681496
1.0230111117708398
1.0151707351772348
1.0072248134792678
0.999111678442203
0.9910709189612841
0.9822862193803856
0.973757724692543
0.9641382978360578
0.9548094082430093
0.9455028682709342
0.9355576250680163
0.926277088511977
0.9163404465345327
0.9061964703478644
0.896246796892775
0.8852330201368004
0.8745658006219197
0.8627032890026659
0.8515264425990867
0.8403486811330344
0.8286385618836228
0.8167693823003616
0.8048627449210145
0.7931321241501637
0.7818571840817817
0.7718637413214225
0.7616673357298922
0.7512689939633785
0.7417092718720423
0.7314253920453525
0.7214905696322805
0.7117942265130768
0.7024931008873112
0.6939789001306287
0.6857859925976737
0.6791505736346947
0.6712484460651343
0.6638714999671919
0.6564563081715475
0.6488134119629176
0.6420339540349068
0.6343975026757099
0.626920838675662
0.6195622957894704
0.6117228310767128
0.6047316782660125
0.5981437960527536
0.5916297916998433
0.5851573481712459
0.5784289861971432
0.5721227033730086
0.5654436458571616
0.5605398515699804
0.5553539903976512
0.5497168796572859
0.5453884705651852
0.5408497764750944
0.5361327825663723
0.5319200999891533
0.5277667378391808
0.523418213200491
0.5197907487998501
0.5156786583352228
0.5126613859229455
0.5085605344984019
0.504260528909615
0.5002902364581001
0.4960698820004709
0.4918457873354764
0.48843704327276855
0.48497738709444466
0.4813309026845667
0.4763034266377194
0.4717988322266884
0.4668100816765369
0.46113807447839644
0.4569739792854172
0.4528295289109214
0.44816289108067525
0.4438025218927976
0.4400822782141407
0.43623978390308693
0.43262188532982837
0.4285243578233975
0.42547951145611157
0.42255870492982966
0.41864191620903685
0.4157254432567617
0.4129297217605737
0.4100154722104021
0.40805285511403494
0.40628809560624973
0.4034601469396971
0.4015517298086903
0.399302513384203
0.396910384277933
0.39458041884551764
0.392457951639719
0.39014834374094143
0.3875694366966161
0.3851770308894678
0.3830734302923361
0.38073006724035025
0.3780471882503332
0.37602314101381257
0.3735611218087013
0.37104604373729094
0.3688204712653973
0.3663712818951764
0.3639851137633273
0.36160761017641097
0.3596129007567278
0.35835959785348726
0.3566542981947889
0.3552782403671132
0.3539647249556533
0.3526129475240537
0.3508370663425913
0.3491829002989147
0.34766660484498296
0.34564994971374263
0.34448327763278147
0.34300299468340967
0.34223644419530863
0.3411602058930778
0.33997711832728245
0.3395986546911384
0.33855564324714965
0.337732746596409
0.33730670416253533
0.3362692169120347
0.33523172966153414
0.3341942424110335
0.33315675516053284
0.3321192679100323
0.3310817806595317
0.3300442934090311
0.3290068061585305
0.32796931890802977
0.32693183165752915
0.3258943444070286
0.324856857156528
0.3238193699060274
0.32278188265552676
0.32174439540502625
0.3207069081545256
0.319669420904025
0.3186319336535244
0.3175944464030238
0.3165569591525232
0.31551947190202256
0.314481984651522
0.31344449740102137
0.31240701015052075
0.3113695229000202
0.31033203564951956
0.30929454839901893
0.3082570611485183
0.30721957389801774
0.3061820866475171
0.3051445993970165
0.3041071121465159
0.3030696248960153
0.3020321376455147
0.30099465039501405
0.2999571631445135
0.29891967589401286
0.29788218864351224
0.29684470139301167
0.29580721414251104
0.2947697268920104
0.29373223964150985
0.2926947523910092
0.2916572651405086
0.2906197778900079
0.2895822906395074
0.2885448033890068
0.28750731613850616
0.28646982888800554
0.2854323416375049
0.28439485438700435
0.2833573671365037
0.28231987988600316
0.28128239263550253
0.2802449053850019
0.27920741813450134
0.2781699308840007
0.2771324436335001
0.27609495638299947
0.2750574691324989
0.2740199818819983
0.27360929657396954
0.271991203298962
0.2713416081135332
0.26880257784397354
0.2672883893481951
0.26572335122390967
0.2632745784875503
0.2612086033925204
0.25757208447319
0.2543058417755378
0.2504761559481111
0.24723674477368096
0.2440232707805133
0.2404215118698675
0.23764306768055993
0.23335185707477227
0.2283263545999791
0.22573379143791258
0.2231671654571086
0.22031770670484285
0.22031770670484285
0.22031770670484285
0.22031770670484285
0.22031770670484285
0.22031770670484285
0.22031770670484285
0.22031770670484285
0.22031770670484285
0.22031770670484285
0.22031770670484285
0.22031770670484285
0.22031770670484285
0.22031770670484285
0.22031770670484285
0.22031770670484285
0.22031770670484285
0.22031770670484285
0.22031770670484285
0.22031770670484285
