intensityVsPixelDistance
21.584059864494105
21.569701731167807
21.54133457879699
21.499572392318818
21.445357123513585
21.379855049052516
21.304465462820957
21.220714460188407
21.130239870000786
21.03470590557223
20.93578510485867
20.835075529985716
20.734081758780306
20.63417525213345
20.536559439083845
20.442278476248834
20.352216848419907
20.26708534198565
20.187438334051148
20.11370305120875
20.046198830874808
19.98515315205183
19.930763414882907
19.883166231242853
19.84250738523798
19.80894617503414
19.782654401922557
19.763850524513412
19.75282566487571
19.749870672843333
19.755362631346113
19.76968891773277
19.793287793330748
19.82662267113876
19.870130875741832
19.924293866489855
19.98955098052168
20.066322811869046
20.154971825549435
20.255821357977457
20.369097042711136
20.494970012357957
20.63352545583653
20.784699029331883
20.948354977022756
21.124227888999943
21.311946113572933
21.5110084844278
21.720807396892695
21.94060023243018
22.169565353892384
22.406795384464367
22.651311288131662
22.902080891430142
23.158021189569297
23.418082804952
23.68119554580732
23.946326594351312
24.212527243825445
24.4789264551239
24.744765868957426
25.009427961672028
25.272422186789015
25.533438405178483
25.792312633003522
26.04908065394334
26.303936308629588
26.557248721197837
26.809539631578122
27.061468947801274
27.31381744376392
27.5674618309797
27.82334937901677
28.08244376041482
28.34572218742211
28.61412043882466
28.888497671524362
29.16962701308223
29.458145200868216
29.754560056186275
30.059211686811796
30.372317420092486
30.69394234823731
31.024037027871646
31.362488440742343
31.709128621500533
32.06381815762723
32.42646832768682
32.79712743513398
33.17600502981071
33.5635513507391
33.96044754119833
34.36767716959602
34.78651248400758
35.21853378053892
35.665616170642274
36.129864363738285
36.613604437714464
37.11934848546473
37.64969752773249
38.20725402250173
38.79462464429141
39.41431703039313
40.068653697170255
40.75981732874314
41.48975086741982
42.260129716497026
43.07243674542585
43.92789503680841
44.82753922331407
45.77227446374593
46.76288312175327
47.80010415075993
48.884685892113204
50.01747253677092
51.19942930711838
52.4317229595004
53.71576105048331
55.053194360519925
56.4460201942937
57.89649174286643
59.40714799087201
60.98079622266742
62.620501808685574
64.32947963621352
66.11109038957456
67.96878113913249
69.90600636036261
71.92618073033297
74.03261279647766
76.22843146739761
78.516558488001
80.89962902731767
83.37996992436956
85.95957716675491
88.64009022016216
91.42278098190677
94.30851203472213
97.29780815290711
100.39075623140265
103.58705952497318
106.88603782965447
110.2866108587601
113.78727833331064
117.38610725981322
121.0807427578521
124.86833124029125
128.74554711849834
132.70855093803286
136.75293827945313
140.87378972150785
145.0655671836409
149.32215529701324
153.6368612017852
158.002464723282
162.41117696934813
166.8547889056486
171.32470344816696
175.8120211615218
180.30764501933672
184.80235817307727
189.28700489269394
193.7525043257119
198.1900324602599
202.59104267630096
206.94735298717438
211.2511839688135
215.49513243275973
219.67217395639983
223.77564920537642
227.79915210578176
231.73640523163954
235.58122214044735
239.3273699587025
242.96842304545552
246.49769828382708
249.90816025905792
253.19235762061683
256.3424073013611
259.34997047304574
262.20630115801407
264.9023922439672
267.4289641643203
269.7766525792255
271.9361774770149
273.89844052863407
275.6547503697829
277.19698842883986
278.5177049640663
279.61034020182296
280.469309663809
281.09010623579184
281.4694146813929
281.60515362218604
281.49650264199335
281.14386824342307
280.5489599686764
279.71466434836077
278.64502831690726
277.3451955968118
275.82127106875265
274.0802527479037
272.1299294559798
269.97870643756943
267.6354787281453
265.1095609026229
262.4104514902047
259.54776039209526
256.53105079116176
253.3697491177493
250.07301355645203
246.64968537483904
243.10819952660268
239.45655822479927
235.7022872102618
231.8524821600319
227.91380322084484
223.89251300262677
219.79459316526732
215.6257652449083
211.3916378868174
207.09778396945964
202.74981925063
198.35352315336903
193.91493138195426
189.4403905068207
184.9366191082489
180.41076972507858
175.87043707076634
171.3236264486609
166.77876213421771
162.2446141565215
157.73027579991245
153.24501197067545
148.79821166461343
144.39921645597096
140.05727188404467
135.78132641014557
131.57995018732728
127.46121705185303
123.43260000814239
119.5008985127139
115.67209689256664
111.9514069125653
108.34314338180135
104.85077039635021
101.476876731983
98.2232054965014
95.09069948398903
92.07951676476185
89.18909290027061
86.41820149629325
83.76506320091327
81.22733980370242
78.80222690923117
76.48654232928918
74.27675002449185
72.16900395338003
70.15924401052526
68.24319579520973
66.416433852535
64.67443783359641
63.01257792189714
61.426208900636084
59.91068628141543
58.46138776861226
57.07377549963549
55.74338302272731
54.46590173266383
53.23718482340548
52.053263112024354
50.91037708462829
49.80500072766944
48.733848204463015
47.69390648193369
46.68240899381645
45.69687358210779
44.735056031153285
43.79498462191106
42.874931015237834
41.97339445962911
41.08907026790668
40.2208915578396
39.36792940091324
38.52943125670783
37.70477200685047
36.89344608014211
36.09506463530133
35.309302969289554
34.53591428372107
33.77471209424216
33.02555825664522
32.288327022332425
31.56291898983952
30.849271109579814
30.147320114262072
29.45700359183361
28.778268055147883
28.1110698337334
27.455361487625616
26.8110954424663
26.178231001412257
25.55671988763893
24.946550874270915
24.34771026361205
23.76021887481283
23.184123520473364
22.619501046253877
22.06645528555119
21.525137476032803
20.995734645514496
20.47848038128042
19.973650708673034
19.481553661266034
19.002547007655394
18.53699380152487
18.085303342789487
17.64788375440179
17.225149726569946
16.8174998399267
16.425315617595984
16.048946093820618
15.688695052377259
15.34478723970275
15.017397567966801
14.706611238932817
14.412411673510523
14.134705520051474
13.873275608062919
13.627812742025174
13.397898576490272
13.183007085477946
12.982537931383781
12.795787776906474
12.621987525336126
12.460298886378684
12.309832380485735
12.169679089264482
12.038921717467332
11.916621923621955
11.801863460069221
11.69376888567959
11.591492171087188
11.494241231546457
11.401277651158006
11.311922014607084
11.225565231521006
11.141654262436646
11.059708729783202
10.97929144490959
10.900025657983303
10.821575414888732
10.743654640360873
10.665995829779495
10.588363402808612
10.510537304721483
10.432329472587574
10.353553813017864
10.274035780897664
10.193613508193133
10.112126230270928
10.029427176087072
9.945382316618888
9.859852084489239
9.772707960565741
9.683842716282394
9.593150297701921
9.500536352889972
9.405913739294274
9.309210189647613
9.210373702064944
9.109350472068877
9.006104218233837
8.900622164041208
8.792902827005479
8.682956732373386
8.570829485276997
8.456582335703015
8.340306905650701
8.22212991319933
8.102210257594917
7.980728651305446
7.857915839669555
7.734041436049715
7.609383522888636
7.484263677246159
7.359033339194474
7.234039253076016
7.109655618518507
6.986251721855682
6.864186780953658
6.743811581954329
6.625443794024734
6.509357202085374
6.395796939525351
6.284952058364928
6.176969576616529
6.071931863493042
5.9698726866541225
5.870777579057918
5.774585048132093
5.681191737045507
5.590455039715357
5.5022207425437415
5.416320024605414
5.332571859865435
5.250797086581908
5.17083566466405
5.09253976564654
5.015792249963667
4.9405058471633145
4.866630548296681
4.794133765691618
4.723024400763478
4.653333208025933
4.585118696997104
4.5184654869270044
4.453464333597105
4.390199281308686
4.3287742972852055
4.269274884543126
4.211780522209088
4.156334278149628
4.102954473136758
4.051641328131943
4.002345909699685
3.954996126655958
3.9094766776870493
3.865633938654395
3.823299495927666
3.782269053833091
3.7423184910525045
3.703210374849565
3.664703125653785
3.626558448059596
3.5885482834203004
3.5504590442049135
3.5121037602907728
3.4733296932442213
3.4340219718267986
3.3940910426319246
3.353504543709474
3.312263196706733
3.2704068037599074
3.228006878793667
3.1851718157578595
3.142027076068486
3.098713607661805
3.0553935377060037
3.01223045233047
2.9693838458852877
2.927002093313701
2.885236761851234
2.844211074689743
2.8040373356661075
2.764816464957288
2.726621549923317
2.6895188992249626
2.653540293373913
2.6187147084570075
2.585046323672486
2.552533709165329
2.521160411375223
2.4908962032465407
2.46169137680874
2.4334927184620083
2.406233482408928
2.3798304279410782
2.354203835660806
2.3292457551128787
2.3048511505272864
2.2809100394504336
2.2573005035728224
2.233907886291914
2.2106150658807504
2.187318548153169
2.163913000610576
2.14031394437936
2.1164435519360683
2.0922532618158516
2.067711917901098
2.0428092102213276
2.017555125186453
1.991993965091648
1.9661760429455564
1.9401846756533088
1.9141096866345213
1.888069438264909
1.8621893877854026
1.8365920499209287
1.8114162062795516
1.7867868908094662
1.762841700189377
1.739692031417336
1.7174358259626434
1.696165262020828
1.6759455429779688
1.6568134431554142
1.6387946203008414
1.6218924117616076
1.6060794689827496
1.59131467686694
1.5775406739740254
1.5646875608581263
1.5526767874880603
1.5414068100496698
1.5307959596850356
1.520738791671375
1.5111440751884073
1.5019282790819644
1.4929985312328764
1.484279755639569
1.4757024640766583
1.467207433920785
1.4587340172317234
1.4502395239880561
1.4416797065767248
1.4330196027679492
1.4242251498024423
1.41527444845654
1.40613916461733
1.3968064203230897
1.3872602001880117
1.3774814160895266
1.3674641568780064
1.3572023165366625
1.34668969568458
1.335928360916694
1.3249192646947947
1.3136600970519547
1.3021616647070373
1.2904263652584653
1.278470269803635
1.2662988074409562
1.2539353371366933
1.241389469700864
1.2286859467961289
1.215850670241918
1.2029123711184762
1.189902059255716
1.1768531772671085
1.1638097200874151
1.1508044301460645
1.1378812014156217
1.1250758745380014
1.112430512844057
1.099980427454726
1.0877655089507494
1.0757980949154509
1.0641027606183846
1.0526989721228976
1.0415881682207468
1.0307697082904301
1.020239717991277
1.0099859137431784
0.9999920359070167
0.9902326215447078
0.9806911664036615
0.9713394695377684
0.9621591711957762
0.9531215318712419
0.9442083804206399
0.935406677086235
0.9267040976335231
0.9180926681964307
0.9095720983599146
0.9011400935751439
0.8928076850766814
0.8845858106889879
0.8764828779769317
0.868518350905903
0.86070618879719
0.8530626095367829
0.8455998876291693
0.8383422969951461
0.8312977421251906
0.824465272672996
0.8178520258043748
0.8114583821595978
0.8052724684698196
0.7992740316953991
0.7934423142090516
0.7877549355397968
0.7821775793164225
0.7766758096988873
0.7712090999146245
0.7657386376064785
0.7602162852722216
0.7546105525048986
0.7488721677430951
0.7429640051348458
0.7368524373986982
0.730502969860021
0.7238814701345104
0.7169655616672671
0.7097349348810833
0.7021698699597535
0.6942582320305384
0.6859963772644602
0.6773775324803057
0.6684097045467318
0.6591024021596997
0.6494721252895231
0.6395442293818526
0.6293572894261252
0.6189489615181367
0.6083663003190944
0.5976667382821027
0.5869087208056768
0.5761594214774137
0.5654883348621321
0.5549570783124077
0.544639443682623
0.5345964858275616
0.5248850727376376
0.5155538508518182
0.5066426189432756
0.498173925470597
0.490167709176553
0.482622597709481
0.4755365967666113
0.4688832622650717
0.46262895585592256
0.4567371837725194
0.45115868514569346
0.4458409475137099
0.4407257706945085
0.4357530129620614
0.43085982937499206
0.4260035882969253
0.42112804519050856
0.41618338753743367
0.4111370206372264
0.4059525501589217
0.40060923296356166
0.395090419124531
0.38938872417980913
0.38350950965398056
0.3774590462758451
0.3712541455790386
0.3649207214809929
0.35848788644141255
0.3519889476780536
0.3454638786756171
0.33895247774948467
0.3324907504755701
0.3261245068652831
0.3198977389011599
0.31384510222837164
0.3080025896086344
0.30240679567725187
0.29708019457154056
0.2920490798304942
0.28732936056048647
0.28293072434056804
0.2788571093710988
0.2751074004849741
0.27168037231318165
0.26855863409823294
0.26572477698244495
0.26316021790626004
0.2608433025587785
0.25874308396980505
0.2568287513294628
0.25506862512933154
0.253431765887178
0.25189333863632796
0.2504283256810448
0.24901338196146164
0.24762787528924132
0.2462626892965949
0.24491108405695022
0.24356975718574858
0.24224399736444693
0.24094640298140477
0.23968850898307142
0.23848809554387485
0.23736968999482128
0.23635397836073715
0.23546457500406567
0.2347230987195275
0.23414773697061356
0.23375611090694492
0.23355693046462356
