intensityVsPixelDistance
8.575311825385025e-05
8.569607362402784e-05
8.558337138973777e-05
8.541745090313396e-05
8.520205452329593e-05
8.494181584844067e-05
8.464229425038124e-05
8.430955288116173e-05
8.395009880810801e-05
8.35705439236084e-05
8.31775331937174e-05
8.277741569322891e-05
8.237616908534092e-05
8.197924216183335e-05
8.159141612667401e-05
8.12168393970951e-05
8.085902601676563e-05
8.052079992842928e-05
8.02043636632942e-05
7.991141458565257e-05
7.96432214178578e-05
7.94006879302814e-05
7.918459839047639e-05
7.899549555519609e-05
7.883395862232015e-05
7.870062048086668e-05
7.859616369456718e-05
7.852145619592139e-05
7.847765460816731e-05
7.846591447295723e-05
7.848773393462898e-05
7.854465203707895e-05
7.863840998542213e-05
7.877084891195376e-05
7.894370630012648e-05
7.915889498009478e-05
7.941816043115487e-05
7.97231736665437e-05
8.007537475387142e-05
8.04760483034464e-05
8.092609075371927e-05
8.142618201175192e-05
8.197666053173036e-05
8.25772706767258e-05
8.322747309107174e-05
8.392621330552222e-05
8.467201475396478e-05
8.546288631079779e-05
8.629641397255741e-05
8.716964732789107e-05
8.807932202579414e-05
8.902183307296134e-05
8.999329077525493e-05
9.098959432431523e-05
9.200644095975089e-05
9.303966152146207e-05
9.408500415497545e-05
9.513836549205925e-05
9.619597633621552e-05
9.725437606326541e-05
9.831055172410579e-05
9.936204990731835e-05
0.00010040692167973389
0.00010144393486364117
0.0001024724379539274
0.00010349257311856711
0.00010450511048323239
0.00010551151657210107
0.00010651386424941647
0.00010751477531903566
0.00010851735178293176
0.00010952507680166746
0.0001105417138618068
0.00011157109161865245
0.00011261709252054871
0.00011368343440136934
0.00011477353067749052
0.00011589045297211852
0.00011703673103245219
0.00011821438242426014
0.00011942475839019387
0.00012066872236826575
0.00012194653296876167
0.00012325799375395967
0.00012460265570418094
0.0001259798514958305
0.0001273890272452413
0.00012882983046359485
0.00013030245305972976
0.0001318077275717549
0.000133347442791971
0.0001349243048915309
0.00013654222157169656
0.00013820624745334756
0.00013992266102717094
0.00014169891208042225
0.0001435433625893456
0.0001454652540234981
0.00014747456688702713
0.00014958163499297774
0.00015179679786452816
0.0001541304117770815
0.00015659243953274984
0.00015919210845121278
0.00016193809030092628
0.00016483810436003108
0.00016789880697853408
0.00017112608957260965
0.00017452481142951298
0.00017809908312798597
0.00018185250084920912
0.0001857881729112168
0.00018990903516392504
0.00019421806075531667
0.00019871860364231595
0.00020341449863773694
0.000208310381245532
0.0002134118436650112
0.00021872544442002356
0.00022425911876954195
0.00023002181860495207
0.00023602363127084633
0.00024227571006224643
0.00024879023364594985
0.00025557997471677997
0.00026265828521881035
0.00027003886030644615
0.00027773542455448
0.0002857615444192808
0.0002941303647059105
0.000302854316517273
0.0003119450078982956
0.000321412908332609
0.00033126726231374483
0.00034151599986791787
0.0003521656345656026
0.00036322121963411515
0.0003746861821006044
0.0003865626068848118
0.00039885083921892197
0.0004115497001389479
0.00042465648720561974
0.00043816690845752923
0.00045207500331072964
0.0004663730920135607
0.00048105181866448985
0.0004960998460083086
0.0005115039615355517
0.0005272489111562688
0.000543317196183763
0.0005596892718375362
0.0005763431354137501
0.000593254490651622
0.0006103967469280302
0.0006277412186066032
0.0006452569605456819
0.0006629113583855726
0.0006806702560515175
0.0006984982962317118
0.0007163593365885448
0.0007342167587329252
0.000752034187098506
0.0007697755436063247
0.0007874057706009532
0.0008048909125002025
0.000822198462404348
0.0008392975127882937
0.0008561586509048859
0.0008727539688375043
0.000889057009159223
0.0009050423206427564
0.0009206849631769549
0.0009359603581265291
0.0009508437423865813
0.0009653095869902882
0.0009793313400231509
0.0009928810498969327
0.0010059291125173494
0.0010184442085870524
0.0010303932080772576
0.0010417413633612002
0.0010524528893284355
0.0010624909184120792
0.0010718182462424535
0.001080398003484366
0.0010881940426246885
0.0010951718330146324
0.00110129911970139
0.001106546304982385
0.001110887326983802
0.0011142999986643188
0.0011167664133325064
0.0011182733996082357
0.0011188126882089237
0.001118381019634459
0.0011169800089130834
0.0011146164480281145
0.0011113018051186363
0.0011070521585892226
0.0011018879443655614
0.0010958334170391446
0.0010889163796102652
0.0010811677769407221
0.0010726210029303512
0.0010633113974101922
0.001053275967034656
0.001042552449305541
0.0010311790242037953
0.0010191936860991728
0.0010066338860458854
0.0009935360093621455
0.0009799351822599883
0.0009658649166730341
0.000951357005263406
0.0009364413476768448
0.0009211461349226536
0.0009054978276553233
0.000889521307122077
0.0008732403383602199
0.0008566776529396438
0.0008398555339166365
0.000822796122246562
0.0008055217292436631
0.0007880553164615377
0.0007704208636549634
0.0007526435856448976
0.0007347501752413545
0.0007167690493646348
0.0006987303816875898
0.0006806659771500234
0.0006626093052610955
0.0006445952092035023
0.0006266598164478048
0.0006088399363157547
0.0005911728711347375
0.0005736957348270598
0.0005564452597697445
0.0005394569980538164
0.0005227649987577564
0.0005064013391015218
0.000490395709209942
0.0004747751232130072
0.00045956335674440465
0.00044478111606104613
0.0004304455438291671
0.00041657040284604776
0.00040316597827565756
0.0003902391954568987
0.000377793800095308
0.000365830420201676
0.00035434681327084077
0.000343338106858535
0.0003327972316285788
0.0003227148979090283
0.00031307996388252356
0.00030387978676714016
0.0002951003179360026
0.00028672627712904265
0.00027874153361352906
0.0002711291052650367
0.0002638714098233413
0.00025695048801587775
0.00025034794565712015
0.00024404532737638492
0.00023802418069692266
0.00023226614131351716
0.00022675318037201228
0.0002214675527323294
0.00021639214037609788
0.00021151046811047073
0.0002068067664363304
0.00020226609886622284
0.0001978744566057586
0.00019361878507931273
0.00018948711355555698
0.00018546845051178567
0.00018155293437468334
0.00017773164891201148
0.00017399676051613454
0.00017034140252378957
0.00016675961247369534
0.0001632462068649451
0.0001597969469918141
0.00015640814223644514
0.0001530768027680089
0.00014980044500139243
0.00014657706031045734
0.00014340510383512646
0.00014028328553551672
0.0001372106248856618
0.00013418638098626208
0.000131210004992631
0.00012828099730763777
0.00012539896301088407
0.00012256365160738902
0.0001197748117372351
0.00011703219543835365
0.00011433559020718271
0.00011168482254165039
0.00010907970396355033
0.00010652004546073223
0.000104005685345301
0.00010153643181421904
9.911224026329328e-05
9.673305627179996e-05
9.43989625538849e-05
9.211014509524578e-05
8.986690920243893e-05
8.766966740385853e-05
8.551902056429402e-05
8.341571174221096e-05
8.13606689760843e-05
7.935498891010345e-05
7.739989535663899e-05
7.549680972449503e-05
7.364717442004318e-05
7.185261558517874e-05
7.01147546857441e-05
6.843523927918135e-05
6.681565291985181e-05
6.525751139291214e-05
6.376220140572355e-05
6.233092988628232e-05
6.096458974852106e-05
5.966387591564085e-05
5.8429126892859826e-05
5.7260276811722386e-05
5.615695478764988e-05
5.5118298005812155e-05
5.4143078037446066e-05
5.322963280290136e-05
5.2375872409527004e-05
5.1579411725799696e-05
5.083745640407817e-05
5.014695083566201e-05
4.9504564506868034e-05
4.890676352993936e-05
4.8349936786906965e-05
4.7830439878694214e-05
4.734454478991639e-05
4.688861128354876e-05
4.645915330027648e-05
4.605280957921013e-05
4.566643318055804e-05
4.5297090389980165e-05
4.4942081901498154e-05
4.459898780898295e-05
4.426561089565612e-05
4.394004262925388e-05
4.362054606638693e-05
4.3305624386107684e-05
4.299394284818726e-05
4.268436488025775e-05
4.237582769082041e-05
4.2067395323037796e-05
4.1758193503065095e-05
4.144747505994269e-05
4.113450064766732e-05
4.0818576801341534e-05
4.049906042190359e-05
4.017531279408394e-05
3.9846750798915664e-05
3.951284194127489e-05
3.9173031722245686e-05
3.8826809537408595e-05
3.847374936941754e-05
3.811342986770728e-05
3.774547617357955e-05
3.736954207109366e-05
3.6985340443574155e-05
3.6592664688378805e-05
3.619130104119538e-05
3.5781105356511074e-05
3.536202687342554e-05
3.493405970204799e-05
3.449724565901226e-05
3.4051765932765186e-05
3.359786386850622e-05
3.3135903478945975e-05
3.2666388212949263e-05
3.218994937463217e-05
3.170730493168632e-05
3.121937163158346e-05
3.072722064382088e-05
3.0231956785413734e-05
2.9734857676782518e-05
2.9237319583609357e-05
2.8740720115518542e-05
2.8246545961535587e-05
2.7756264290249038e-05
2.7271302268389585e-05
2.679305356358494e-05
2.6322780270261163e-05
2.5861570131447653e-05
2.541039705810628e-05
2.497001215083404e-05
2.4540999509799483e-05
2.412368638654367e-05
2.371820693942838e-05
2.3324503691131978e-05
2.2942332332666244e-05
2.2571282229024664e-05
2.22107868085632e-05
2.1860233383169416e-05
2.151895123005727e-05
2.1186221135738715e-05
2.086133129353162e-05
2.054364586676222e-05
2.0232577535345813e-05
1.9927660905695938e-05
1.962854925372791e-05
1.9335043894702747e-05
1.904701535832983e-05
1.876449900978736e-05
1.8487617036257187e-05
1.8216601895101725e-05
1.7951789777222904e-05
1.769354125386216e-05
1.744219023165946e-05
1.7198149770700064e-05
1.6961759573075592e-05
1.6733335408061534e-05
1.65130483835901e-05
1.6300971287790058e-05
1.6097104998537715e-05
1.5901255104090923e-05
1.5713135187349854e-05
1.55322871580733e-05
1.5358100670061166e-05
1.5189906618703481e-05
1.5026893340616176e-05
1.486817040545294e-05
1.4712794496819885e-05
1.4559805823018614e-05
1.4408257640284451e-05
1.4257243875328966e-05
1.4105915948370735e-05
1.3953531030158018e-05
1.3799482293381889e-05
1.364331335648311e-05
1.3484668425236095e-05
1.3323418926140144e-05
1.3159567726288174e-05
1.2993272958918983e-05
1.2824818747690374e-05
1.2654635739999441e-05
1.248322239200829e-05
1.2311138687571733e-05
1.2139028755288058e-05
1.1967542520184626e-05
1.1797313650716282e-05
1.162893163811562e-05
1.1462998656540462e-05
1.1300004269724843e-05
1.1140394658983345e-05
1.0984570778535113e-05
1.0832823003271025e-05
1.0685414776420194e-05
1.0542472361437876e-05
1.0404110879845084e-05
1.0270346935528352e-05
1.0141174847696976e-05
1.001652924662385e-05
9.89629004070934e-06
9.780259740996186e-06
9.668226930719143e-06
9.559926429912308e-06
9.455027524597053e-06
9.35321349090507e-06
9.25405544343615e-06
9.157136076786994e-06
9.062018432461e-06
8.968218131000487e-06
8.875279643591236e-06
8.782737647519869e-06
8.690180962070598e-06
8.597191102942298e-06
8.503432436946206e-06
8.408595756599397e-06
8.312488127993054e-06
8.214985768379412e-06
8.116047716413697e-06
8.015713647939822e-06
7.91415957525486e-06
7.811585391122592e-06
7.708322112249937e-06
7.604726605619871e-06
7.5012691230230795e-06
7.398448104034179e-06
7.29675029765963e-06
7.196727080967628e-06
7.0988752117976415e-06
7.003741359512821e-06
6.911768102571857e-06
6.823344560836883e-06
6.738836956777228e-06
6.658504342383667e-06
6.5824928214358935e-06
6.510904331747484e-06
6.443752132545124e-06
6.380927568465434e-06
6.322267289896464e-06
6.26754340077086e-06
6.216478191728751e-06
6.168759584775766e-06
6.1239841479923325e-06
6.081827412336257e-06
6.041870447641538e-06
6.003750795345282e-06
5.967136587532636e-06
5.931658844786954e-06
5.897019291376914e-06
5.862941851714972e-06
5.829191235283215e-06
5.795526488803033e-06
5.761778005514725e-06
5.727769990372368e-06
5.693363539006553e-06
5.658423320629489e-06
5.622862329982281e-06
5.586567996095868e-06
5.5494891550381e-06
5.5115621779420415e-06
5.472711228007654e-06
5.432912820333757e-06
5.392142695815107e-06
5.350376224412317e-06
5.307621616673398e-06
5.2638826567135265e-06
5.219150167071732e-06
5.1734670826660215e-06
5.126842929115874e-06
5.07934155662946e-06
5.030984534926327e-06
4.981864668798941e-06
4.932020141838952e-06
4.881549252269086e-06
4.83055490759602e-06
4.779151255933556e-06
4.727461498830815e-06
4.675618503246359e-06
4.623797060339354e-06
4.572127255248568e-06
4.520783478012005e-06
4.469908122916176e-06
4.419668306889381e-06
4.370204320439913e-06
4.321674648195271e-06
4.274128307173027e-06
4.227662934518812e-06
4.182355868585211e-06
4.138212825668442e-06
4.095231260589711e-06
4.053395780656643e-06
4.012657583405556e-06
3.9729520695550925e-06
3.934178075267016e-06
3.896270029414627e-06
3.859115890098405e-06
3.82264271432569e-06
3.7867363205055306e-06
3.751324514980691e-06
3.7163554910060988e-06
3.6817802845988206e-06
3.6475672157188347e-06
3.6137151305519058e-06
3.5802149128929044e-06
3.5471103896570576e-06
3.5144450166427807e-06
3.4822521969683424e-06
3.4506092606511843e-06
3.4195716678473977e-06
3.3892038519538457e-06
3.359554579376914e-06
3.3307202900085265e-06
3.3027323882605904e-06
3.2755870984227097e-06
3.2493127763383983e-06
3.2239109342852513e-06
3.1993343999595536e-06
3.1755027083647163e-06
3.1523333897856643e-06
3.129737526975752e-06
3.1075787815511424e-06
3.0857203404802834e-06
3.064001191555918e-06
3.0422671339152904e-06
3.0203269180461728e-06
2.998055433074687e-06
2.975256923889929e-06
2.9517838900867934e-06
2.927502731023831e-06
2.9022763999206238e-06
2.8759692893703236e-06
2.848492497684812e-06
2.8197653352446695e-06
2.7897094555413335e-06
2.7582766469230767e-06
2.725452432516727e-06
2.6912099025836543e-06
2.6555808682826054e-06
2.6186031075077464e-06
2.5803421743723607e-06
2.540898805648998e-06
2.5004262591423336e-06
2.4590741419075755e-06
2.417029401347217e-06
2.37452021566191e-06
2.3317787874679252e-06
2.28907199633458e-06
2.2466759430358847e-06
2.2048354323099237e-06
2.163843637992145e-06
2.123943130026069e-06
2.085359844011274e-06
2.0482870514573627e-06
2.0128828722418575e-06
1.979236891023429e-06
1.9474283241023165e-06
1.9174517191477197e-06
1.8892991528272204e-06
1.8628655632303209e-06
1.8380173057446269e-06
1.8146093912297156e-06
1.7924461070548014e-06
1.771318822064799e-06
1.7509963078844202e-06
1.7312396224158182e-06
1.7117990837306002e-06
1.6925053170318844e-06
1.6731348636889496e-06
1.6534898193779647e-06
1.6334406858848885e-06
1.6128428691256324e-06
1.5916139569470071e-06
1.5696877994617842e-06
1.5470350583226426e-06
1.5236770347794224e-06
1.499638642335499e-06
1.4749866729401613e-06
1.449824082165248e-06
1.4242665333389454e-06
1.3984463554948497e-06
1.3725223626365402e-06
1.346652672822744e-06
1.320980335620064e-06
1.2956873534576207e-06
1.270948505765435e-06
1.2469014788572572e-06
1.223689271389092e-06
1.2014572732509015e-06
1.1802947738241581e-06
1.1603062369109821e-06
1.1415548691318492e-06
1.1240791590805245e-06
1.1078947531628878e-06
1.092997220838197e-06
1.0793816937353264e-06
1.0669790786580572e-06
1.055720210498391e-06
1.045531259063409e-06
1.0363261921286396e-06
1.0279820578855983e-06
1.0203764454885294e-06
1.013383492766514e-06
1.0068802776606198e-06
1.0007681312527929e-06
9.949476586453905e-07
9.89326110295835e-07
9.83821514855945e-07
9.783976531449937e-07
9.730277475444984e-07
9.676986777344005e-07
9.6243145555998e-07
9.57276134212971e-07
9.522785418477213e-07
9.475093188076076e-07
9.430659117791868e-07
9.390305060021343e-07
9.354969209537771e-07
9.325510477533871e-07
9.302651448971536e-07
9.287092209254865e-07
9.279178802726403e-07
