intensityVsPixelDistance
3.3348434876497383e-06
3.332625085378867e-06
3.3282422207120295e-06
3.3217897573441043e-06
3.3134132314615137e-06
3.3032928385504755e-06
3.29164477640372e-06
3.2787048342674058e-06
3.2647260647597606e-06
3.2499655970292195e-06
3.234681846422348e-06
3.2191217214033505e-06
3.20351768665215e-06
3.188081639626855e-06
3.1729995160373252e-06
3.1584326432203684e-06
3.1445176784297766e-06
3.131364441661141e-06
3.1190585869058867e-06
3.1076661227753795e-06
3.0972363884722497e-06
3.0878045306220555e-06
3.079401048518528e-06
3.0720470493687387e-06
3.0657650575346727e-06
3.0605796853670387e-06
3.056517477010948e-06
3.0536121853969445e-06
3.0519087903176186e-06
3.0514522295038937e-06
3.0523007641244632e-06
3.054514245886406e-06
3.0581603883219743e-06
3.0633107910204273e-06
3.070033022782699e-06
3.078401471448134e-06
3.088484016767137e-06
3.100345642587815e-06
3.114042351539449e-06
3.129624100689587e-06
3.1471257515335315e-06
3.1665737449014683e-06
3.1879812429006304e-06
3.2113383040948966e-06
3.236623953541685e-06
3.2637971841036475e-06
3.2928005737653022e-06
3.3235566898643634e-06
3.3559716544883497e-06
3.389930729417993e-06
3.425306967669779e-06
3.461960175059614e-06
3.4997390857043646e-06
3.5384842237233764e-06
3.578028259545876e-06
3.618209059167976e-06
3.658861272693498e-06
3.699825324691201e-06
3.7409546352972774e-06
3.7821146246825513e-06
3.823188122604122e-06
3.864079718617943e-06
3.904713620878548e-06
3.94504191136383e-06
3.985039253763852e-06
4.024711176833173e-06
4.06408762990349e-06
4.103225644470605e-06
4.142205831921759e-06
4.1811301512958376e-06
4.220119236002909e-06
4.2593085422870754e-06
4.29884442795916e-06
4.338875785169824e-06
4.379553598021347e-06
4.421022448942149e-06
4.463415081902416e-06
4.506850948915726e-06
4.551428429039814e-06
4.5972259831656785e-06
4.644296159618657e-06
4.692672536543675e-06
4.742365171007404e-06
4.793366423765104e-06
4.845658832940376e-06
4.89921644706008e-06
4.954017726203832e-06
5.010048962473136e-06
5.067317618989495e-06
5.125856072234917e-06
5.1857338863544296e-06
5.247056301337316e-06
5.309975283343758e-06
5.374687400963519e-06
5.441436817723317e-06
5.510513247571979e-06
5.582241878474553e-06
5.6569821009138165e-06
5.735122045606611e-06
5.817063583060248e-06
5.903208805842762e-06
5.993960457997617e-06
6.089705981829161e-06
6.190804217547164e-06
6.297592400591581e-06
6.410370725112322e-06
6.529398049165216e-06
6.654903483379266e-06
6.787076000036619e-06
6.9260754549772335e-06
7.072041699691468e-06
7.225095613213989e-06
7.3853513674859775e-06
7.5529245849289855e-06
7.727945697201178e-06
7.910563835911995e-06
8.100959270659582e-06
8.299349475861549e-06
8.50598950522314e-06
8.721187952148857e-06
8.945292945748137e-06
9.178696771644028e-06
9.421833169087363e-06
9.675175752898053e-06
9.939221238985893e-06
1.0214488869620406e-05
1.0501511234139574e-05
1.0800822066007557e-05
1.11129489496387e-05
1.1438403071896523e-05
1.1777667864560623e-05
1.2131194751600385e-05
1.2499390879601463e-05
1.2882615756645633e-05
1.3281177772641248e-05
1.3695330233106768e-05
1.4125269652437809e-05
1.4571129303912395e-05
1.5032990267742684e-05
1.5510865969624742e-05
1.6004710560959082e-05
1.6514418946885214e-05
1.70398242177928e-05
1.758069457319504e-05
1.8136731356082914e-05
1.8707570725841267e-05
1.9292771789212e-05
1.9891820726382556e-05
2.050412432274378e-05
2.1129002073813e-05
2.1765693904793078e-05
2.2413344154979167e-05
2.3071007969785293e-05
2.3737651269423394e-05
2.4412158501367904e-05
2.5093326243443175e-05
2.5779886159438925e-05
2.647050995755901e-05
2.716382263123322e-05
2.7858418645110064e-05
2.855287395072486e-05
2.9245773942719667e-05
2.993571558469039e-05
3.062133552337039e-05
3.130131326389675e-05
3.197438464905797e-05
3.2639347719544744e-05
3.3295058646301105e-05
3.3940432121458486e-05
3.457443924508088e-05
3.5196090247218274e-05
3.5804415234659345e-05
3.639845837158723e-05
3.697725664836704e-05
3.7539817271844514e-05
3.808510766756695e-05
3.861204082932513e-05
3.911946548678579e-05
3.960616366727424e-05
4.007084698078221e-05
4.0512164130713314e-05
4.092872347388357e-05
4.1319091271580824e-05
4.168182068720648e-05
4.2015477913280866e-05
4.23186572131823e-05
4.2590015728346784e-05
4.282829909949848e-05
4.303235630487049e-05
4.320117382714782e-05
4.333388883694569e-05
4.342980496293077e-05
4.3488409984764685e-05
4.3509382319235874e-05
4.3492595208006705e-05
4.3438111457731004e-05
4.334619520109331e-05
4.321729242128025e-05
4.3052028389580834e-05
4.2851197836438455e-05
4.26157439959667e-05
4.2346748095954715e-05
4.20454135476947e-05
4.171303900284697e-05
4.13509987881741e-05
4.096073205134768e-05
4.0543706361882114e-05
4.0101406496814224e-05
3.963531001496779e-05
3.9146873346228846e-05
3.863751147519451e-05
3.8108590421221735e-05
3.7561413426173526e-05
3.699721687135464e-05
3.641716352076617e-05
3.5822349691436496e-05
3.52138044088181e-05
3.4592495276969634e-05
3.3959346491786304e-05
3.3315242058763904e-05
3.2661048541202516e-05
3.1997626976255173e-05
3.132584502614244e-05
3.064659564017089e-05
2.9960811364359685e-05
2.9269472775079347e-05
2.857361792605267e-05
2.7874351919735802e-05
2.7172848176739608e-05
2.6470343555834242e-05
2.5768139649042606e-05
2.5067591469025093e-05
2.4370103972970193e-05
2.3677108634501572e-05
2.2990056099684236e-05
2.2310389687718998e-05
2.1639537879934515e-05
2.0978883257648415e-05
2.0329749951690526e-05
1.9693385409503627e-05
1.90709442470533e-05
1.8463477013839174e-05
1.787190831783796e-05
1.7297043402374025e-05
1.673954892668984e-05
1.6199960110679645e-05
1.5678676932942245e-05
1.5175968712212728e-05
1.469198111481754e-05
1.4226738563398516e-05
1.3780153849421587e-05
1.3352037488943031e-05
1.2942114563333625e-05
1.255002380757333e-05
1.2175331928764808e-05
1.1817547263166567e-05
1.1476123475288992e-05
1.1150466332796106e-05
1.0839948529415022e-05
1.0543909649195872e-05
1.026166593757438e-05
9.992518978395249e-06
9.735753442221339e-06
9.49065162019275e-06
9.256495915991438e-06
9.032572162192333e-06
8.818179236689366e-06
8.612627050701696e-06
8.415249903514916e-06
8.225407093184973e-06
8.042485361412845e-06
7.865903844797555e-06
7.69511775689061e-06
7.529619419751049e-06
7.3689433049383256e-06
7.212661964347218e-06
7.060391892348795e-06
6.911786346578224e-06
6.7665406867385635e-06
6.6243878759251495e-06
6.485096040643705e-06
6.348463600303421e-06
6.214325716348327e-06
6.082538864750644e-06
5.952986774311456e-06
5.825572861165261e-06
5.700219012073341e-06
5.576865149143806e-06
5.455461104158984e-06
5.335968745553515e-06
5.218359260576859e-06
5.1026113052689845e-06
4.988705450852581e-06
4.876626339312159e-06
4.766364229176239e-06
4.65790934533692e-06
4.5512520448248645e-06
4.446384063612662e-06
4.343298654397515e-06
4.241988487471403e-06
4.142446212361809e-06
4.044665541206151e-06
3.948639014997407e-06
3.854364899128072e-06
3.761841077236665e-06
3.671070765984413e-06
3.582061198148446e-06
3.494824246761515e-06
3.4093759545944987e-06
3.3257396886114334e-06
3.243944345530426e-06
3.164026015736611e-06
3.0860273465040215e-06
3.0099959305359595e-06
2.935987044841472e-06
2.864056783001678e-06
2.7942683838680612e-06
2.7266849044456032e-06
2.661370416412606e-06
2.5983865024386804e-06
2.537792109724359e-06
2.4796411657781375e-06
2.423980606688756e-06
2.3708451568869283e-06
2.32026184116381e-06
2.272243823611214e-06
2.2267885426780915e-06
2.1838815750752713e-06
2.143489366892693e-06
2.1055641459006786e-06
2.0700412756683852e-06
2.0368394825927164e-06
2.0058660115588755e-06
1.9770121934919266e-06
1.9501591991646326e-06
1.9251775086004222e-06
1.9019296928309737e-06
1.8802753194908255e-06
1.860072661949218e-06
1.8411767418300799e-06
1.823445994360228e-06
1.8067448505663062e-06
1.7909425947470587e-06
1.7759168459105888e-06
1.7615535151658938e-06
1.747747629502704e-06
1.7344050814604462e-06
1.7214404237199589e-06
1.7087794355820936e-06
1.696354569248379e-06
1.6841076150152973e-06
1.6719866663183918e-06
1.6599475231211334e-06
1.6479488546430144e-06
1.6359542625625796e-06
1.6239297473414187e-06
1.6118462523311037e-06
1.599675025187061e-06
1.5873890978299472e-06
1.574963460851805e-06
1.5623732753254858e-06
1.549595864402275e-06
1.5366105199384676e-06
1.523395678087332e-06
1.5099314820103338e-06
1.4962013643662372e-06
1.482188939299727e-06
1.467879628972538e-06
1.45325996943142e-06
1.4383187950278838e-06
1.4230480712147315e-06
1.4074394849353765e-06
1.3914874305309868e-06
1.3751899339665495e-06
1.3585467661907557e-06
1.3415595534060334e-06
1.3242353418297576e-06
1.306583594886354e-06
1.2886184686256775e-06
1.2703595416146944e-06
1.2518313645690298e-06
1.2330618584544686e-06
1.2140866745615798e-06
1.194947469481924e-06
1.1756872083216461e-06
1.1563555763193213e-06
1.1370068726959208e-06
1.1176946711590558e-06
1.0984767873930516e-06
1.0794102779541306e-06
1.0605506437707073e-06
1.0419520830283043e-06
1.0236636771768244e-06
1.005727727334077e-06
9.881821078152456e-07
9.710560280879922e-07
9.543722031588701e-07
9.381433594766998e-07
9.223747143111054e-07
9.070640324329119e-07
8.922018129370224e-07
8.777720866842946e-07
8.637528203330152e-07
8.501201871232574e-07
8.368481033911183e-07
8.239085997231745e-07
8.112739947484538e-07
7.989195614851995e-07
7.86822459707895e-07
7.749645907770668e-07
7.633324709783101e-07
7.519183736828874e-07
7.407172639350516e-07
7.297305170472889e-07
7.189628847433376e-07
7.084234070317362e-07
6.981251580031157e-07
6.880821598724199e-07
6.783073978978706e-07
6.688169355272273e-07
6.596239833973867e-07
6.507408214246175e-07
6.421741038062843e-07
6.339266611918381e-07
6.259985277209138e-07
6.183821429368718e-07
6.110663683969411e-07
6.040333894806307e-07
5.972594705023812e-07
5.9071859072736e-07
5.843791854684092e-07
5.782066268787277e-07
5.721642304318868e-07
5.662146708951707e-07
5.603211304555087e-07
5.54448372929462e-07
5.485633979921975e-07
5.426373178394808e-07
5.3664653363152e-07
5.305732971965677e-07
5.24403772092517e-07
5.181329582387854e-07
5.117609671334311e-07
5.052939484024071e-07
4.987429512990722e-07
4.921247232222027e-07
4.854586485781022e-07
4.787665045166806e-07
4.7207334048342654e-07
4.6540443134051524e-07
4.5878441975007983e-07
4.522362303711651e-07
4.457832810876866e-07
4.3944461048930146e-07
4.332375700715765e-07
4.271777524985897e-07
4.2127645012720853e-07
4.1554390797189843e-07
4.0998503627814156e-07
4.046043119939774e-07
3.9940238082610456e-07
3.943790218548843e-07
3.8953169292426294e-07
3.8485572380536514e-07
3.8034343437207584e-07
3.7598660286130193e-07
3.717749167188139e-07
3.676955148454429e-07
3.6373608020186576e-07
3.5987993391140765e-07
3.561108474306072e-07
3.524118279290408e-07
3.4876403842779864e-07
3.451497639174388e-07
3.415509085146634e-07
3.379514818583029e-07
3.343352095588689e-07
3.3068903921457643e-07
3.270009460899783e-07
3.232634271997316e-07
3.194716687703121e-07
3.156240778605343e-07
3.117221974198836e-07
3.0777287237102393e-07
3.037838763214357e-07
2.997680821430545e-07
2.957393679963298e-07
2.9171602145089897e-07
2.8771742626799727e-07
2.837625115756536e-07
2.79872719815409e-07
2.760673693476873e-07
2.723677195366109e-07
2.6879098176668454e-07
2.6535228847699095e-07
2.6206588165244884e-07
2.589418355371436e-07
2.559858319447302e-07
2.5320183512351435e-07
2.505903607100891e-07
2.481471832181011e-07
2.4586595016264117e-07
2.437377989188677e-07
2.417519296783411e-07
2.39896206074614e-07
2.3815493908859157e-07
2.365155104797442e-07
2.3496162851939405e-07
2.3347919759676173e-07
2.3205531173738116e-07
2.306756217417157e-07
2.2932852799799193e-07
2.2800329423336082e-07
2.2669077026101473e-07
2.253815856756743e-07
2.2406914465890678e-07
2.22746610736704e-07
2.214085820724779e-07
2.2004979580225867e-07
2.186668683882006e-07
2.1725542207039563e-07
2.1581346714037136e-07
2.1433852914219125e-07
2.1282765886696507e-07
2.1127994301298025e-07
2.0969443817058823e-07
2.080701865049242e-07
2.064075073150773e-07
2.0470654776108235e-07
2.029669509416791e-07
2.0119038654812377e-07
1.9937722502117352e-07
1.975299494244796e-07
1.956493985804689e-07
1.9373918156440392e-07
1.9180078329373762e-07
1.8983802647713172e-07
1.8785491307317916e-07
1.8585588217519443e-07
1.838457249545322e-07
1.8182960845958125e-07
1.7981433012430868e-07
1.7780494881522256e-07
1.7580824636713404e-07
1.7382976033562954e-07
1.718759897123653e-07
1.699523902393304e-07
1.6806512520759435e-07
1.66216100834507e-07
1.644091141201764e-07
1.6264717266720306e-07
1.6093049877599532e-07
1.59258993467378e-07
1.5763205813664758e-07
1.5604779491021635e-07
1.545036915938094e-07
1.52995814038162e-07
1.5152161225501356e-07
1.5007672905938265e-07
1.4865832777933265e-07
1.472619680196598e-07
1.4588484224924934e-07
1.4452493576134853e-07
1.431803444010655e-07
1.4184983616684376e-07
1.405333661881299e-07
1.3923057994583534e-07
1.3794318181999687e-07
1.3667286175833054e-07
1.3542091877099125e-07
1.341903601364351e-07
1.3298334263851005e-07
1.3180237202042747e-07
1.306493447535468e-07
1.2952801127810948e-07
1.2843959287680092e-07
1.2738394271643884e-07
1.263621635242712e-07
1.2537431411109326e-07
1.244185599984272e-07
1.234917719919613e-07
1.2259074293610927e-07
1.2171201493794602e-07
1.2085028594921122e-07
1.2000023546312225e-07
1.1915560189384138e-07
1.1831038854115028e-07
1.1745715792401796e-07
1.1659104461957126e-07
1.1570443592905286e-07
1.1479159572559762e-07
1.1384732842870466e-07
1.128663044413577e-07
1.1184325014217932e-07
1.1077470824329834e-07
1.0965754081507056e-07
1.0848870104882969e-07
1.0726631404700861e-07
1.05989816820095e-07
1.0465816287825333e-07
1.0327258932210138e-07
1.0183456529196798e-07
1.0034664011448073e-07
9.881273133079441e-08
9.723879896664641e-08
9.563066107418355e-08
9.399558783016961e-08
9.234245283129654e-08
9.068028617930824e-08
8.901946652412258e-08
8.737073111806222e-08
8.574360014538596e-08
8.414947481080566e-08
8.259778838990272e-08
8.109732726710514e-08
7.965560755667525e-08
7.827877836496116e-08
7.697032353980003e-08
7.57333237150901e-08
7.456756685574465e-08
7.347274483216969e-08
7.244477190340136e-08
7.147845077895772e-08
7.056814299226672e-08
6.97062374965756e-08
6.888462085807551e-08
6.809430086217188e-08
6.732598531617069e-08
6.656996436730112e-08
6.581965121790662e-08
6.506635581012582e-08
6.430238186469863e-08
6.352269333996786e-08
6.272166713266347e-08
6.189609832571694e-08
6.104341442351382e-08
6.016247449032497e-08
5.9254106908088634e-08
5.831928053526938e-08
5.7360592836561816e-08
5.638204763975963e-08
5.5388142963181194e-08
5.4384024935910804e-08
5.337586965808766e-08
5.236982616532891e-08
5.13714574963358e-08
5.03878415233519e-08
4.942577522421133e-08
4.8490613066671075e-08
4.758791610957577e-08
4.6723338404201683e-08
4.590035231538389e-08
4.512302032431594e-08
4.439380046623855e-08
4.371418951979815e-08
4.30847959563345e-08
4.250544747704096e-08
4.197595475637378e-08
4.14936308367022e-08
4.105578596382628e-08
4.0659548963576994e-08
4.0301574138335954e-08
3.997708002888435e-08
3.968130621344278e-08
3.9409358052031064e-08
3.91564552423574e-08
3.89187606598308e-08
3.8692408947320706e-08
3.847379317817133e-08
3.8259725577731165e-08
3.8048797622305276e-08
3.7839967960063796e-08
3.763272635633777e-08
3.742788993844363e-08
3.722740521939328e-08
3.703305440518913e-08
3.684758462029583e-08
3.6674785458079465e-08
3.651785301119409e-08
3.638043581486909e-08
3.626587407929836e-08
3.6176977857111504e-08
3.611646970265778e-08
3.608569534393598e-08
