intensityVsPixelDistance
0.00013168768327351723
0.00013166482049023663
0.00013161925827171256
0.00013155132585325517
0.00013146144510259753
0.00013135018561602902
0.0001312181785549166
0.00013106612737670887
0.0001308947378729172
0.00013070470870677362
0.0001304966908680538
0.00013027127030287015
0.0001300289199974252
0.00012976999078824635
0.00012949473102588475
0.000129203242918997
0.00012889549711162394
0.0001285713452761618
0.00012823053363210097
0.00012787273824039233
0.00012749756088772967
0.00012710456984251254
0.00012669331431103617
0.0001262633471533793
0.00012581427778919998
0.0001253457552470799
0.00012485750074657946
0.00012434933670421916
0.00012382121247565662
0.00012327313216335618
0.00012270525150430192
0.00012211782736098797
0.0001215112601477236
0.00012088602064512947
0.00012024270077564092
0.00011958195916597877
0.00011890458177733988
0.00011821137376912021
0.00011750319942753937
0.00011678101166051791
0.00011604567993780914
0.00011529819353390625
0.00011453951106182887
0.0001137704977997392
0.0001129920769281075
0.00011220506291878962
0.00011141022491742807
0.00011060831190396888
0.00010979994856755867
0.00010898569955007987
0.00010816604396734626
0.00010734140055976484
0.00010651209725173299
0.00010567836925005393
0.00010484041961203692
0.0001039983722355439
0.00010315231547813448
0.00010230228652187319
0.00010144831542884581
0.00010059041364222695
9.97285946283118e-05
9.886289705534349e-05
9.79933924852286e-05
9.712018483383925e-05
9.624343980538874e-05
9.536336089333632e-05
9.448023937665517e-05
9.35943888761514e-05
9.270623810441397e-05
9.181624815128082e-05
9.092493426932724e-05
9.003286852040282e-05
8.914067390490977e-05
8.824897050615795e-05
8.735840954912576e-05
8.646963819751145e-05
8.558330713941832e-05
8.470000823598278e-05
8.382034967104824e-05
8.2944844268816e-05
8.207400600324228e-05
8.120822721492473e-05
8.034789549872053e-05
7.949328175082052e-05
7.864463095958761e-05
7.780212280798084e-05
7.696585505977568e-05
7.613590122309936e-05
7.531227243122378e-05
7.449495645965477e-05
7.368391057612206e-05
7.287906954095576e-05
7.208034476525415e-05
7.128765961070263e-05
7.050093291539445e-05
6.97200844051141e-05
6.894506616206286e-05
6.817581747573056e-05
6.741231723787747e-05
6.665457462324921e-05
6.590258806741419e-05
6.515640495941868e-05
6.441608612798826e-05
6.368170977711894e-05
6.295338094101539e-05
6.22311926724445e-05
6.151527854754893e-05
6.080576147154626e-05
6.0102763991827634e-05
5.9406390221548535e-05
5.871677752360307e-05
5.803401589683905e-05
5.735820192076165e-05
5.668940923082452e-05
5.6027694509118405e-05
5.537310839386198e-05
5.472569312497963e-05
5.4085467329403685e-05
5.345245224700539e-05
5.2826665187318203e-05
5.2208125476953235e-05
5.159685426858278e-05
5.099288561856114e-05
5.039627005012759e-05
4.980705347030426e-05
4.922534213529597e-05
4.865123902348458e-05
4.808486897759742e-05
4.752636802129435e-05
4.6975924680445145e-05
4.6433716651792374e-05
4.589995222350654e-05
4.53748564895309e-05
4.485864671426379e-05
4.435156627949254e-05
4.3853819900755316e-05
4.336563311910642e-05
4.288721395025811e-05
4.241873989472003e-05
4.196036966206194e-05
4.151223124444094e-05
4.107440779955413e-05
4.064694620233383e-05
4.022986295788215e-05
3.9823130833446177e-05
3.9426665037859693e-05
3.904037298891927e-05
3.86640927257359e-05
3.829766975232904e-05
3.794090101570107e-05
3.7593584460973444e-05
3.725548151423402e-05
3.692637512675824e-05
3.6606020293537624e-05
3.629422212460414e-05
3.599076156873378e-05
3.569544165818188e-05
3.540807778069708e-05
3.5128527811818706e-05
3.4856624780421544e-05
3.459224884096657e-05
3.4335275537386936e-05
3.4085617735421304e-05
3.3843166763073254e-05
3.3607827379643705e-05
3.337950931897403e-05
3.315811107996697e-05
3.294354041094194e-05
3.273568591690093e-05
3.2534436190989114e-05
3.233964108753588e-05
3.215116207959832e-05
3.196883503828415e-05
3.179249077387068e-05
3.16219436869196e-05
3.145698845336844e-05
3.129742591763906e-05
3.1143039434782855e-05
3.099362903791513e-05
3.084898620530538e-05
3.070889967754537e-05
3.057318950886469e-05
3.0441667836502115e-05
3.0314177918775803e-05
3.0190576605707063e-05
3.0070729886415943e-05
2.9954550231902333e-05
2.9841923221994165e-05
2.973278442138766e-05
2.9627071162463535e-05
2.9524728226869893e-05
2.9425699187759356e-05
2.9329933025542145e-05
2.9237379257679767e-05
2.9147973453131787e-05
2.906165682603316e-05
2.897833965397242e-05
2.8897923783422507e-05
2.8820304367561562e-05
2.874535829948259e-05
2.8672964277121306e-05
2.8602970222478382e-05
2.853523547781266e-05
2.8469596078715925e-05
2.8405899092190035e-05
2.834399155323624e-05
2.828370307113317e-05
2.8224891799333317e-05
2.816741257171675e-05
2.811112644979777e-05
2.8055902679898767e-05
2.800163982361157e-05
2.7948213731326526e-05
2.7895531035086743e-05
2.7843501650261517e-05
2.7792040788478458e-05
2.7741090624502373e-05
2.76905986304256e-05
2.7640508677580167e-05
2.759077096442168e-05
2.7541356107294656e-05
2.7492238538503393e-05
2.744340258396691e-05
2.7394826963219246e-05
2.734650060027399e-05
2.7298422915078614e-05
2.7250586714839105e-05
2.720298431527797e-05
2.71556136587625e-05
2.7108465258269216e-05
2.7061524497009854e-05
2.701477790087943e-05
2.6968199885872614e-05
2.6921765047232025e-05
2.6875439380441172e-05
2.6829166587932664e-05
2.678290338584936e-05
2.6736599256257677e-05
2.669019057109196e-05
2.6643616856343978e-05
2.6596823208259586e-05
2.6549766516306515e-05
2.650238716268906e-05
2.645465118151823e-05
2.6406530639695556e-05
2.6358008641193752e-05
2.630907072163709e-05
2.6259728729902933e-05
2.620998666111643e-05
2.615984432215932e-05
2.6109320296611103e-05
2.6058445706321924e-05
2.6007225162195028e-05
2.5955685535407214e-05
2.590383072211394e-05
2.5851679605359432e-05
2.579921678833083e-05
2.5746456430284122e-05
2.569339947784909e-05
2.5640039369668623e-05
2.5586384317664222e-05
2.5532446245315943e-05
2.5478240763984357e-05
2.5423805758700908e-05
2.5369174365623533e-05
2.5314396325286874e-05
2.5259547394579426e-05
2.5204687785649683e-05
2.5149908702559477e-05
2.509529731499834e-05
2.504093518102684e-05
2.4986932213692037e-05
2.493336369892476e-05
2.488030920587221e-05
2.482783501840574e-05
2.477598763194787e-05
2.4724798640143285e-05
2.4674294054143812e-05
2.4624482352671375e-05
2.4575334444229036e-05
2.452682297104154e-05
2.447889463438054e-05
2.443149408282833e-05
2.4384555164149812e-05
2.4338004789992167e-05
2.4291758793466857e-05
2.4245743768666406e-05
2.4199887822889977e-05
2.415411389799333e-05
2.4108352026884307e-05
2.406255543470878e-05
2.4016670522142592e-05
2.3970664252256118e-05
2.3924514724952873e-05
2.3878205476166376e-05
2.383173826328856e-05
2.3785125055763e-05
2.3738375776972482e-05
2.3691514141238353e-05
2.3644573473650446e-05
2.359760664372744e-05
2.3550639643562763e-05
2.3503725462449464e-05
2.3456902772533768e-05
2.3410231474713344e-05
2.3363754635260825e-05
2.3317506833497796e-05
2.3271542951508624e-05
2.3225892355806115e-05
2.3180588374162246e-05
2.3135646599451863e-05
2.309108414686587e-05
2.3046907473474623e-05
2.3003135022997845e-05
2.2959743884805644e-05
2.291672807704388e-05
2.2874074115942345e-05
2.2831746463888428e-05
2.2789712297919247e-05
2.274794584521067e-05
2.2706413248283557e-05
2.2665071841469623e-05
2.2623882347133468e-05
2.2582820863221036e-05
2.2541850032803697e-05
2.2500961780415886e-05
2.2460142045127622e-05
2.2419397215811722e-05
2.2378737795463434e-05
2.233819161742408e-05
2.2297811313510792e-05
2.2257641483715824e-05
2.2217767562032448e-05
2.2178264659826833e-05
2.213922853727375e-05
2.210076246242073e-05
2.206297289510486e-05
2.2025987389615176e-05
2.1989903397191685e-05
2.1954842311209165e-05
2.192089759698516e-05
2.1888167453339848e-05
2.1856725838961007e-05
2.1826642109472642e-05
2.1797945710438334e-05
2.1770670429465782e-05
2.1744818673951578e-05
2.1720364369100168e-05
2.1697276920384602e-05
2.1675507347384053e-05
2.165496345921851e-05
2.163556636661352e-05
2.161718436140015e-05
2.159973267527457e-05
2.158307569008323e-05
2.1567086787291426e-05
2.1551651680650433e-05
2.1536635830069333e-05
2.15219222836259e-05
2.1507405280903183e-05
2.1492977166609158e-05
2.1478562618807032e-05
2.1464084394354464e-05
2.1449475263556365e-05
2.1434690172547295e-05
2.141969082032566e-05
2.140446211030187e-05
2.1388988486759486e-05
2.137326566440305e-05
2.1357319463189184e-05
2.1341162155729163e-05
2.1324817659850774e-05
2.1308316594367787e-05
2.129169450493335e-05
2.1274995312053533e-05
2.1258262150593543e-05
2.124154239595236e-05
2.1224882181259858e-05
2.1208333715342968e-05
2.1191950765694003e-05
2.1175779835931405e-05
2.11598669195494e-05
2.114427454339171e-05
2.1129035868549667e-05
2.1114206673186203e-05
2.1099808650552314e-05
2.1085889884553346e-05
2.1072469350082417e-05
2.1059564970372253e-05
2.1047190662553867e-05
2.1035342127070304e-05
2.1024005750057674e-05
2.1013164800152132e-05
2.1002769484835215e-05
2.0992777305164795e-05
2.098314355898589e-05
2.0973798922890955e-05
2.0964679442138458e-05
2.0955718020906985e-05
2.0946847881233826e-05
2.0937993062756274e-05
2.0929097306078907e-05
2.092010872081258e-05
2.09109928792715e-05
2.0901727034988953e-05
2.0892288500650493e-05
2.0882675869273133e-05
2.087290684337503e-05
2.0862999880549926e-05
2.0852999326391423e-05
2.084294513469836e-05
2.083287713954294e-05
2.0822851057782093e-05
2.0812899277469795e-05
2.0803076176673243e-05
2.0793408243340506e-05
2.0783936125327196e-05
2.0774683548160007e-05
2.0765652533866373e-05
2.0756868722216395e-05
2.074832268624573e-05
2.074003243836679e-05
2.0731993335990274e-05
2.0724223419450092e-05
2.0716712592871686e-05
2.0709485123975562e-05
2.0702557929699544e-05
2.0695958246237592e-05
2.0689713919451457e-05
2.06838552782578e-05
2.067841324663966e-05
2.0673429281161596e-05
2.066892742732771e-05
2.0664940802824538e-05
2.0661478207986408e-05
2.0658555287550087e-05
2.0656160402169703e-05
2.0654274250693802e-05
2.0652884610065214e-05
2.065193079882654e-05
2.0651359470770973e-05
2.0651136278732408e-05
2.065117349658077e-05
2.0651406224008976e-05
2.0651763880091474e-05
2.0652172996178724e-05
2.0652578157179146e-05
2.065291982570898e-05
2.0653141212520854e-05
2.065320799639457e-05
2.0653083454139433e-05
2.0652755790528386e-05
2.065220492605969e-05
2.0651429438178962e-05
2.065043634138336e-05
2.0649239489196915e-05
2.0647849175840946e-05
2.0646277691724336e-05
2.0644541175405135e-05
2.064265853501051e-05
2.064065446721811e-05
2.0638539783385156e-05
2.0636331871252603e-05
2.063404375312883e-05
2.0631691542496508e-05
2.0629286775915828e-05
2.0626849371328305e-05
2.0624392541876172e-05
2.0621940725084017e-05
2.061950315722771e-05
2.0617099297638772e-05
2.0614756604659854e-05
2.0612493739801927e-05
2.0610325684650893e-05
2.0608291313104085e-05
2.0606398752386476e-05
2.0604668995433115e-05
2.0603138172096525e-05
2.0601821397156016e-05
2.060074105241898e-05
2.059991538823669e-05
2.0599371212196568e-05
2.0599124809328363e-05
2.0599202764041262e-05
2.0599619057830663e-05
2.0600382241122525e-05
2.060150542893848e-05
2.0603004437507063e-05
2.0604864933325457e-05
2.0607091427509682e-05
2.060965793441914e-05
2.0612544646790086e-05
2.0615719239913394e-05
2.0619141332896413e-05
2.0622759399637754e-05
2.062652294027289e-05
2.0630366500256122e-05
2.063423329617445e-05
2.0638045235283782e-05
2.0641768594389736e-05
2.064531827254809e-05
2.0648660103008827e-05
2.0651744294355382e-05
2.0654545008693028e-05
2.0657040582281644e-05
2.0659226701510876e-05
2.066110175864611e-05
2.0662676928664808e-05
2.0663981098955443e-05
2.0665049188199273e-05
2.066592390457111e-05
2.06666637153201e-05
2.0667306533200072e-05
2.0667919803291726e-05
2.0668551333436088e-05
2.0669248002179883e-05
2.0670059415977228e-05
2.0671024174926827e-05
2.0672180695823658e-05
2.0673540246508137e-05
2.067513125704165e-05
2.067695095189349e-05
2.067898228519735e-05
2.068122951434261e-05
2.068366294264125e-05
2.0686252782185752e-05
2.0688961342941907e-05
2.0691748269019892e-05
2.0694571874824123e-05
2.0697379239678674e-05
2.070013422092272e-05
2.0702784590408626e-05
2.0705292893698585e-05
2.070762253392144e-05
2.07097347185572e-05
2.071160413689683e-05
2.0713198737957643e-05
2.0714508215869286e-05
2.0715519599839328e-05
2.0716240613527644e-05
2.071666294782424e-05
2.0716779571306657e-05
2.0716623135690227e-05
2.0716191332583386e-05
2.0715510061770497e-05
2.0714599148688672e-05
2.071347951690054e-05
2.071216823296907e-05
2.0710686903239943e-05
2.0709055276166027e-05
2.070729649720472e-05
2.0705433170264255e-05
2.070347028911975e-05
2.0701433509117367e-05
2.0699320578183153e-05
2.0697135441204488e-05
2.069488472295244e-05
2.0692573547480008e-05
2.069019099013658e-05
2.0687736626777e-05
2.0685217130466353e-05
2.0682621091366474e-05
2.06799570646533e-05
2.0677217295515747e-05
2.0674406513134673e-05
2.0671520449671836e-05
2.0668574956767966e-05
2.066558447284255e-05
2.0662534911981666e-05
2.0659452365167657e-05
2.0656334333877024e-05
2.0653194629068186e-05
2.0650042263698455e-05
2.0646880407674578e-05
2.0643698581836355e-05
2.064050408166531e-05
2.0637282459367306e-05
2.063403242006941e-05
2.063073939291307e-05
2.0627412906475427e-05
2.0624023555718483e-05
2.0620579326774655e-05
2.0617067092749565e-05
2.0613511666647813e-05
2.060991218818526e-05
2.060628091335281e-05
2.060266161215038e-05
2.0599080260175215e-05
2.0595574014616155e-05
2.0592181321452426e-05
2.0588954747015493e-05
2.0585939242093996e-05
2.0583181895413434e-05
2.0580740213291665e-05
2.0578666994312665e-05
2.0576997032318056e-05
2.057578542734701e-05
2.0575068049384296e-05
2.0574888407734663e-05
2.0575267535879628e-05
2.057624246146759e-05
2.057783492636828e-05
2.0580067631530892e-05
2.0582955344266905e-05
2.0586496850304547e-05
2.0590697392722727e-05
2.0595562459744722e-05
2.0601074051431824e-05
2.0607209515554087e-05
2.061395044876175e-05
2.062127798537651e-05
2.0629135620659145e-05
2.0637499912131682e-05
2.064631833136288e-05
2.065555295593219e-05
2.066516289295155e-05
2.0675103266392204e-05
2.068533217078896e-05
2.069580964745226e-05
2.0706515481342498e-05
2.071738873115187e-05
2.0728425660006807e-05
2.073959194449517e-05
2.075086352753683e-05
2.0762219659002873e-05
2.0773626442773288e-05
2.078506333600886e-05
2.0796485207252017e-05
2.0807861567508935e-05
2.0819142596887547e-05
2.083028617820802e-05
2.0841241523636796e-05
2.0851952589641934e-05
2.086236882411733e-05
2.0872453596275025e-05
2.0882163303798233e-05
2.089147278032053e-05
2.090035627117473e-05
2.090880367651553e-05
2.0916813698022188e-05
2.0924418269799592e-05
2.0931645498336067e-05
2.0938547735010405e-05
2.094517491034463e-05
2.0951603732271997e-05
2.0957902433948115e-05
2.0964156560704604e-05
2.09704329195435e-05
2.0976803130578383e-05
2.0983350061211805e-05
2.0990124737396736e-05
2.0997167661772994e-05
2.1004502839556496e-05
2.1012147392804926e-05
2.102008842666691e-05
2.1028321832013675e-05
2.103679809902677e-05
2.1045464574723695e-05
2.1054254738174394e-05
2.1063083617026526e-05
2.1071856989020013e-05
2.108048930411382e-05
2.108887043786019e-05
2.1096900852416836e-05
2.110447496263897e-05
2.1111500812881415e-05
2.1117919986536175e-05
2.1123640671581034e-05
2.1128634571164182e-05
2.113285672858713e-05
2.113630557814345e-05
2.113900173321708e-05
2.114096450817947e-05
2.1142252164823353e-05
2.114294734345675e-05
2.1143128690247153e-05
2.11429067668517e-05
2.1142385904241846e-05
2.1141681582584578e-05
2.1140894357258022e-05
2.1140133705136024e-05
2.1139481648001812e-05
2.1139002627558912e-05
2.1138753154847035e-05
