intensityVsPixelDistance
23.690700743676317
23.690700743676317
23.690700743676317
23.690700743676317
23.690700743676317
23.690700743676317
23.690700743676317
23.690700743676317
23.690700743676317
23.690700743676317
23.690700743676317
23.690700743676317
23.690700743676317
23.690700743676317
23.690700743676317
23.690700743676317
23.690700743676317
23.690700743676317
23.690700743676317
23.690700743676317
23.690700743676317
23.71839313817978
23.73448476569279
23.756174061888203
23.78538963218516
23.808597952615216
23.834329861085795
23.85144995646171
23.872297171397197
23.89446107563125
23.917546348651424
23.937294369021814
23.959335199767093
23.983926884262623
24.012473547816665
24.040119654789294
24.064211758722962
24.088734246192566
24.115403235286315
24.134536303400502
24.155706201926947
24.181366238611655
24.207782373921418
24.228593072516666
24.25169111851134
24.279915983952044
24.30579725830627
24.333368782475098
24.35976071930131
24.38829101848233
24.418950552193383
24.450299142399714
24.481476000505623
24.51326198582348
24.545364746655213
24.57960262274355
24.61711745569463
24.653267326884908
24.69145991425914
24.73616390930008
24.78040699652321
24.825471140831993
24.871076135803385
24.918125824197897
24.9693695577795
25.02161813554047
25.075950373715003
25.134467459005897
25.195175223428745
25.25808509351267
25.321124982103022
25.389322375655563
25.45763468630373
25.527037261373806
25.603172805128718
25.682685209078002
25.763239358290075
25.845433507406366
25.933598665321785
26.024616222941297
26.11955723601325
26.217929265105784
26.31772961069431
26.42481492477642
26.53195498161373
26.644184310831783
26.761116706055045
26.88309129327797
27.008268894667044
27.13617049352963
27.267730605643596
27.40527613467722
27.54137696651351
27.68456795879557
27.828906616993535
27.978049996402476
28.13003440940167
28.28544702308772
28.444449888110462
28.60434439815927
28.772555625694316
28.94404225858688
29.12106366835747
29.30365704496224
29.49000044932794
29.684770227470313
29.883391331576224
30.08961946977034
30.30550242727348
30.523734822645917
30.749379222799348
30.979424522430968
31.219460997427063
31.468114718617436
31.722337395646896
31.983996849788593
32.25512049214146
32.53219798562134
32.81877648939341
33.114793999629825
33.415483941385624
33.72528805486589
34.0399924592033
34.364638043556454
34.69512363524526
35.02841530782967
35.36922376331304
35.71271156746858
36.06493416573145
36.42279054304602
36.784628644502945
37.15237715380711
37.52257943324943
37.90169403379261
38.28314785892112
38.66442258888354
39.052573299909625
39.43973549815947
39.832448307870926
40.22555977459943
40.61993107238754
41.016293282256704
41.41288615287041
41.80990654310478
42.20890078815229
42.608081671461335
43.00909683312357
43.40882637423263
43.80247680281094
44.20022070923902
44.597895001957966
44.99832111868092
45.39746256679531
45.79480747148418
46.192982125037226
46.59297544741346
46.99203578610409
47.39421932849237
47.79185615758926
48.19238474008478
48.592396927690864
48.99253187258046
49.40283651903271
49.80846070262441
50.224416552687636
50.641516715227155
51.06508862794813
51.49314802138385
51.923852028966174
52.36142508747041
52.80446279654285
53.252982513102516
53.71225414284218
54.172766906150216
54.64565335269221
55.129493309417626
55.620162753780654
56.123275819005265
56.63684611176599
57.165144319966856
57.70174185543397
58.25381644576119
58.81603737145102
59.38981730134714
59.97436114092233
60.566025414648095
61.17463134406736
61.79257814999776
62.42976091705268
63.07337721855111
63.7282874388758
64.3991986811477
65.0772434489116
65.77084891994588
66.46867685216985
67.17769963870079
67.89877574778431
68.62099949418078
69.35974713147712
70.09970930441598
70.85197227195353
71.60866444007674
72.36521730236393
73.13809991019538
73.90417734005115
74.67796511870519
75.45063619171226
76.22610670607192
77.00710727327457
77.786789254153
78.57250276944934
79.35528769371184
80.13847162752964
80.92416985316154
81.70405492248393
82.485684818923
83.2636837092416
84.04062204200845
84.81095762926589
85.57577763459909
86.34022765335753
87.09062144045812
87.8426500420066
88.5864704143702
89.32701823203016
90.06463566665089
90.78787349813284
91.51058852162551
92.2212357710384
92.9297593493307
93.63209344529282
94.3188830204395
95.00570966062868
95.68097354697427
96.3539451492194
97.01362264010692
97.66617189874952
98.3137276848898
98.94499166961597
99.57387083890104
100.19252828886934
100.80381449480103
101.40717255713987
101.99469351064964
102.58248354038896
103.15975167797801
103.73299561555535
104.29986957821215
104.85588850271884
105.40943529894064
105.95227935947361
106.49195287225416
107.02560082446065
107.55479516241856
108.08035313119869
108.59747613799448
109.10838627834507
109.614603955525
110.11640426099942
110.6128157915471
111.09823043080547
111.58422239261549
112.05658301718539
112.52219740982729
112.97957619056446
113.43032483629031
113.87286636131117
114.30502914918637
114.72937706429333
115.14398745137845
115.54847202274874
115.94519642027012
116.32927826447599
116.70212496909939
117.068139460043
117.42360457625807
117.76744560935529
118.10000954288522
118.42263356890581
118.73437223264358
119.0355106988556
119.32680346358067
119.6076578820621
119.87665793187773
120.13526786232121
120.38162203091841
120.61596479108255
120.83618500091639
121.04701887578808
121.24689953979373
121.43037346582773
121.60502611952182
121.76550380523301
121.91088339879516
122.04575275616024
122.16813215044048
122.2776865850388
122.37306104844772
122.45737460605307
122.5295329745003
122.59202471843196
122.63884401275936
122.67625536440012
122.70287693551687
122.71583009551358
122.72119765908809
122.71568499744954
122.70259494169156
122.68062485985726
122.65014934981524
122.61481745326856
122.56728172366863
122.51271028895907
122.44895056029209
122.37429770935155
122.29239166680178
122.19939634423719
122.10236568614916
121.99628927065147
121.87753906073202
121.75724712345021
121.62181760474797
121.47896135828121
121.327795750468
121.16452537668746
120.99854194702097
120.81902953739062
120.6394456675057
120.45054243629416
120.25041565363735
120.05122576292446
119.83894826165898
119.62180775788146
119.39554203794242
119.15996230205879
118.91746303174163
118.66511537044741
118.40402314402253
118.13702839608199
117.85761004379883
117.57154950120288
117.28075449571911
116.98487856987794
116.68335033579473
116.37797120349869
116.06481637222622
115.74749446724263
115.42537819935427
115.09584608455748
114.75800801642202
114.41429318258983
114.06600931755476
113.70924709069315
113.34809920798843
112.9771171791112
112.60429909685568
112.2267935005917
111.83969900579223
111.44868678775171
111.05190527940444
110.64214808750413
110.23380127283588
109.81816243810877
109.39937371793587
108.97349059288058
108.54048650329672
108.10887833615128
107.66218339336932
107.21126301664351
106.75282049652891
106.28560132565609
105.81504240980608
105.33312964870902
104.84718123444608
104.35502408979411
103.85766149976924
103.35860946506794
102.85154826510934
102.33935437021442
101.8285557908233
101.31149909161017
100.79336208457529
100.26694994732897
99.74194094274773
99.20699262037381
98.67101507848896
98.13055056357014
97.5813805011654
97.0335366846728
96.47515102151836
95.91017125304835
95.34266025413817
94.77203674384837
94.19746959784841
93.61891041516367
93.03598421522769
92.4471754009827
91.85448090223788
91.25540722574834
90.6579459913998
90.05378063202437
89.44244283154215
88.82935303039717
88.20903342265674
87.58826998101537
86.96130566207994
86.32791007387866
85.69327757398358
85.05252652304632
84.41160321101658
83.7637712220876
83.11205438263114
82.46282729598131
81.80762201755391
81.15273329475573
80.4916911104668
79.82979773864403
79.16957944064347
78.50277128013256
77.83517752450184
77.16314373071984
76.48690927038642
75.81020129682362
75.12777375820126
74.44842866557957
73.75955278815056
73.06991707506616
72.37628408216389
71.67638483130096
70.98241540302998
70.28342165433756
69.58591293424145
68.88338162175897
68.18129510293807
67.479544068258
66.7757351074917
66.075485874992
65.37466245628241
64.68373868258382
63.992497423076436
63.30593300048391
62.62696508651653
61.94823087507345
61.27770704105161
60.607893962478705
59.94367130748228
59.28329665334713
58.626854590755975
57.97724953158696
57.3290498670238
56.68775408474551
56.04955680247393
55.413669800201106
54.784951432382265
54.15527707138973
53.53295772498279
52.91097929782514
52.2933417613396
51.68203463553714
51.06941097350608
50.46577411840594
49.864979612567865
49.27066945510285
48.67818360281701
48.091277924425945
47.51188428140607
46.93512968001964
46.36726099372362
45.80488072070206
45.248442643534894
44.70151911815807
44.15685833896346
43.622960967842765
43.09224700851411
42.570694920259974
42.05588898384762
41.54589071971674
41.04685107551693
40.54625299568609
40.05131113067478
39.561517583953574
39.07664103630632
38.598586687455175
38.12146969314967
37.654190455770944
37.190480111830496
36.732802756432974
36.283323603977955
35.835175069770926
35.39545339794759
34.958750956944506
34.52931680172562
34.105877891143045
33.68721809686144
33.27622074272368
32.86848744472238
32.46785535970655
32.071645985698716
31.679942011051054
31.29388425044817
30.912061163149417
30.534596606283277
30.161904716771915
29.793990517558743
29.428274654927417
29.067547311938785
28.7121353273397
28.359353145962537
28.010543059584414
27.664293285571148
27.32072337536364
26.98182735547712
26.64366856860089
26.310380279117734
25.97744950447779
25.64718725463454
25.32112590741951
24.996523891240493
24.67590692711043
24.357409070290252
24.043053803136747
23.73006631878117
23.41893155992191
23.112436113840772
22.806669794168293
22.50531685528656
22.207093579119615
21.90950103522065
21.618072166107773
21.328610159502425
21.04393371208241
20.760755681378036
20.481445867624906
20.205637486233552
19.93308906273341
19.665258642705393
19.399778461628923
19.13881957291626
18.881008580058367
18.628364430942945
18.378037885393756
18.132651262585533
17.889614509658752
17.650641686941654
17.41630117694457
17.185212117669213
16.958230122574932
16.734607383087713
16.515041138143193
16.300376504020246
16.087323424320132
15.879017058106976
15.675206030724253
15.475563803780464
15.280833257066401
15.089165997722834
14.90110406465794
14.717314079140332
14.536133139530458
14.358439758622335
14.18317808427175
14.01279238127964
13.845699478457203
13.682443281211231
13.522890362672362
13.365765588965289
13.211705943917703
13.061203736518392
12.91378690073783
12.769274814367659
12.627593740963324
12.489654580233802
12.353481478674844
12.220248295571537
12.090013255200484
11.961073086341742
11.835952634811877
11.712893139505214
11.59242527007654
11.474171643208589
11.360106903976375
11.248112700658403
11.138019528993638
11.031027528359505
10.927238882914239
10.825124910861511
10.726710611945409
10.631204362537291
10.537694767984705
10.446652066466667
10.35855818262473
10.272178936130858
10.18851313324267
10.107417068486814
10.028314771193875
9.952246528143032
9.877934013652737
9.805720405774109
9.73596850596861
9.66886042200789
9.60455376015997
9.540951447875045
9.480946228300692
9.422416680548787
9.365242419542167
9.310827249603092
9.257991682039007
9.207505479521307
9.158403117918638
9.110510947734264
9.063997631274828
9.018780116904722
8.975906342425786
8.934529965727876
8.894660505509364
8.858030840070445
8.821611250160458
8.78669866628881
8.75353872392479
8.722370540958888
8.690892629833565
8.66126469032992
8.6336523093985
8.607094479174933
8.580815637501603
8.555472593605863
8.53018468058012
8.506264010059203
8.482412542786383
8.458680989606863
8.436421664368664
8.41503603636692
8.393747036764372
8.371178358228978
8.349505568395573
8.327172785517162
8.305312248769525
8.283311845055396
8.261889922025238
8.24030210386896
8.21835998921059
8.19619119021536
8.174172170800958
8.152204322255534
8.130921554572405
8.109334094419202
8.087812289708562
8.06627223246787
8.045418151767597
8.024213276393915
8.004147213247162
7.984413448997015
7.964522780790295
7.944328124398169
7.92372088929855
7.902895138503194
7.88248219352625
7.862334237861021
7.8425223674830935
7.8222636420332075
7.80236223991152
7.781097629489009
7.759979758413672
7.738151083581039
7.717486896523588
7.695718874781825
7.673944444480315
7.652114016538945
7.6302731870158835
7.608102541939831
7.585764058447152
7.562141920178276
7.538410654439603
7.515230241762251
7.49180661527408
7.469387296468663
7.446783749096508
7.423410450573449
7.4001455789385915
7.376927647321012
7.353795412881064
7.332224657471771
7.309632017261718
7.286839229283779
7.264096422476312
7.24160746203987
7.218582851731879
7.1964321634046735
7.173101519616967
7.151781126694816
7.129327972495666
7.106865455768355
7.083753422493833
7.061410620057756
7.039978928064722
7.018724678285377
6.996860121627946
6.9756553937954155
6.954478463510315
6.9326931536755945
6.910959117502363
6.890182792357588
6.869606492239915
6.849472688566361
6.828153983187685
6.8086873539766986
6.788905976517095
6.768224066999762
6.7485901719934525
6.729361457189119
6.711046536758722
6.692207598462324
6.675618827678617
6.659344066157773
6.6425664144607195
6.625872414915308
6.609724010178669
6.593734440912837
6.577857835255815
6.563356505724363
6.548886201338017
6.534296738418796
6.520263422202703
6.506705989844507
6.494710019766599
6.482044485121415
6.471106773920482
6.459606526873246
6.449594532101886
6.437627757993135
6.4264905787024045
6.415743660789412
6.406881741060809
6.396355149175159
6.384764821240343
6.373473248614679
6.36299587917264
6.351562506404302
6.340176485616141
6.330387960099892
6.318765103930612
6.307998447951439
6.2965711057991705
6.285197768952219
6.274135644164882
6.262786325142347
6.251384019004769
6.241999841261403
6.231147646415944
6.221730596030655
6.210305740975625
6.198915284206999
6.185508187530974
6.1737545464912476
6.160937141853929
6.1487614066044625
6.133783979474884
6.1203240413466835
6.10758859553132
6.093905230860507
6.0805432190208215
6.0664091278239995
6.0503377016117605
6.034929219998864
6.018300791090379
6.000666399505957
5.983374957819139
5.96524610208778
5.948904677450669
5.933086514415948
5.91650099222712
5.897819031693062
5.878497220673213
5.860652825757863
5.843876890481459
5.827387417466537
5.810915597962197
5.794580580896022
5.777801950785219
5.759794220793355
5.744657264151426
5.730818959866972
5.71591023750482
5.700446724784657
5.685995250436732
5.6713170384539415
5.657128643698591
5.6401520606107844
5.626426416686445
5.609238205693908
5.593168532262025
5.5781036130143775
5.564956992675207
5.5511679861186645
5.539735610866445
5.527010058712505
5.514323875398679
5.500846479670163
5.488251215101111
5.481016941731797
5.463029588237803
5.4569349721272
5.4569349721272
5.4569349721272
5.4569349721272
5.4569349721272
5.4569349721272
5.4569349721272
5.4569349721272
5.4569349721272
5.4569349721272
5.4569349721272
5.4569349721272
5.4569349721272
5.4569349721272
5.4569349721272
5.4569349721272
5.4569349721272
5.4569349721272
5.4569349721272
5.4569349721272
