intensityVsPixelDistance
0.00021387700727710666
0.0002139026333252404
0.0002139539012215236
0.00021403080994594203
0.00021413326118203412
0.00021426116726415355
0.0002144143732818481
0.00021459278417881067
0.0002147961310850736
0.00021502393743185003
0.00021527583522118978
0.0002155511235275872
0.00021584905974202708
0.00021616868391252008
0.00021650891297112892
0.00021686842988466652
0.00021724571095429497
0.00021763906286372502
0.00021804671951971923
0.00021846669701103803
0.00021889683365295437
0.00021933498123617913
0.00021977878904838727
0.00022022590230193052
0.000220674037257266
0.00022112097285193006
0.00022156445716487886
0.00022200252579074182
0.0002224332894579826
0.00022285510396034152
0.00022326663805273585
0.00022366682032119012
0.0002240548645811222
0.00022443034246630352
0.00022479313749383645
0.00022514351370951755
0.00022548203098618038
0.00022580962469878
0.00022612747721122096
0.00022643699005514862
0.00022674006127844086
0.00022703853078412695
0.00022733443025566838
0.0002276301681068531
0.0002279278699033277
0.00022822990310607147
0.00022853865591824813
0.00022885639879831964
0.000229185384117283
0.0002295276883622791
0.00022988543628739766
0.00023026051826429702
0.0002306548001644269
0.00023107004723413885
0.00023150776163354236
0.0002319693895129262
0.00023245649855556594
0.00023297044453808168
0.00023351258944083903
0.00023408425452168313
0.00023468681302013988
0.00023532175200762363
0.0002359905409971077
0.000236694724997155
0.00023743591742759752
0.00023821593725157657
0.0002390365387678076
0.00023989953576315217
0.00024080682612834516
0.00024176038718852084
0.00024276193871386378
0.00024381335658370053
0.0002449162041125175
0.0002460719051108734
0.00024728159226645703
0.0002485460500987748
0.00024986583805168837
0.00025124086989263136
0.0002526707310854533
0.00025415432324145523
0.0002556901593078341
0.00025727615127918224
0.00025890964907837746
0.0002605875401893074
0.0002623061301807526
0.00026406136930336063
0.00026584878960516105
0.00026766368989387306
0.0002695010629277495
0.00027135592273200824
0.0002732232700122383
0.0002750980945969811
0.0002769757885782967
0.000278851907716186
0.0002807223478599716
0.0002825838466306723
0.00028443346025615996
0.00028626902964558207
0.00028808914807866494
0.00028989317136938325
0.00029168132180716497
0.0002934546401881683
0.00029521501772654683
0.000296965200218424
0.00029870871087971296
0.0003004496633444688
0.00030219288552384035
0.0003039436809529834
0.0003057077834518027
0.0003074910898373897
0.0003092995946604093
0.00031113941855054816
0.0003130164689764167
0.00031493629038840547
0.0003169040745521534
0.0003189245836736944
0.00032100191196852496
0.0003231396698865441
0.00032534080687716716
0.0003276076612166887
0.0003299419774811907
0.00033234498747246555
0.00033481739969009423
0.00033735954268920956
0.00033997148436324076
0.00034265312844181865
0.0003454040931414535
0.00034822410601024486
0.00035111292086603305
0.0003540704284946397
0.0003570967302244375
0.00036019206927877446
0.0003633569528990159
0.00036659221182951357
0.00036989889735669645
0.0003732783549398117
0.00037673208106597935
0.00038026174579680865
0.0003838691749562334
0.0003875561625620968
0.00039132461843719845
0.000395176429189338
0.0003991131530311452
0.00040313643203695554
0.0004072476700679083
0.00041144812994315424
0.0004157386753496418
0.000420120176669782
0.00042459332514803677
0.00042915869463007797
0.000433816685946625
0.0004385677342952429
0.0004434120543006233
0.0004483499944802379
0.00045338197009844617
0.00045850827820280546
0.0004637294912402083
0.0004690459571330254
0.00047445824838137594
0.0004799667774246324
0.0004855719880385059
0.000491274082348026
0.0004970731471775835
0.0005029690994574568
0.0005089613339473267
0.0005150492208686831
0.0005212315360854795
0.0005275067909640565
0.0005338729758445572
0.0005403277751005574
0.0005468684141039878
0.0005534918862776263
0.0005601948129938735
0.0005669735180900262
0.0005738243197379336
0.0005807433606331038
0.0005877266522586239
0.0005947702858878813
0.0006018705869546381
0.0006090239586752856
0.0006162269061115031
0.0006234761202178573
0.0006307685927405118
0.0006381014432079741
0.0006454718981545959
0.0006528772602851942
0.0006603150500747928
0.0006677823490764664
0.0006752764633186117
0.0006827943655854577
0.0006903328505787126
0.0006978882390409509
0.0007054566877474662
0.0007130338364469677
0.0007206151971185412
0.0007281957738285673
0.0007357702665069687
0.0007433332695241663
0.0007508791036207662
0.0007584021263628285
0.0007658964977130348
0.0007733565286028756
0.0007807767573031096
0.0007881519405168037
0.0007954771680576264
0.0008027477208875889
0.00080995962916873
0.0008171091850550261
0.0008241932329339646
0.0008312092522032804
0.0008381550891069479
0.0008450292760133284
0.000851830962405415
0.0008585597059881226
0.0008652156254742465
0.0008717994135425213
0.0008783119752348555
0.0008847549126595744
0.0008911298949393952
0.0008974387944483059
0.0009036837906613275
0.0009098668949101539
0.0009159901200010828
0.0009220553537423065
0.0009280641358003799
0.0009340176097279287
0.0009399163962779156
0.0009457607643316589
0.0009515502198097021
0.0009572838738550618
0.0009629599975479901
0.0009685767059000093
0.0009741314115965958
0.0009796212032999378
0.0009850427600295868
0.0009903925640385857
0.0009956670280692004
0.0010008624254694385
0.0010059750791113478
0.001011001735974494
0.0010159391157094136
0.0010207842087376611
0.0010255343766967361
0.0010301870206830908
0.0010347398413528114
0.0010391907549338211
0.001043537555852191
0.0010477780631335312
0.001051910003695148
0.001055930969098707
0.001059838280341435
0.0010636289759409457
0.00106729992375823
0.0010708476751169612
0.0010742686846759145
0.0010775592307124685
0.0010807156393011755
0.0010837342461122057
0.0010866117014016266
0.0010893447967742066
0.0010919306655088562
0.0010943671022532846
0.0010966522609544523
0.0010987845247015196
0.001100762798141067
0.0011025864364020892
0.001104255048015347
0.00110576823933897
0.0011071260957512857
0.0011083284805841478
0.0011093752656295439
0.001110266322975903
0.00111100159192371
0.0011115806855541996
0.0011120035570834634
0.001112270002317471
0.001112380310957877
0.001112334914389702
0.0011121348288729857
0.0011117815742615175
0.0011112772616498473
0.0011106249105999446
0.00110982809469773
0.0011088913096579337
0.0011078197311721815
0.001106619048196423
0.0011052959598466727
0.0011038570962102756
0.0011023100423303875
0.0011006624066173694
0.001098921982041038
0.0010970968995634325
0.001095195323115816
0.0010932251426926955
0.0010911944044225308
0.0010891110812447729
0.0010869829948807696
0.0010848180350931675
0.0010826237258546691
0.0010804076752921313
0.0010781774579400804
0.0010759404916268773
0.0010737040086110994
0.0010714749880408525
0.0010692603255303393
0.0010670664878834168
0.0010648994814930028
0.0010627649718315687
0.0010606677273692412
0.00105861183064594
0.001056600318833179
0.001054635510162317
0.001052718212864086
0.001050848234892953
0.0010490240411757151
0.0010472429471782257
0.001045500769145226
0.0010437922426683734
0.0010421107711960143
0.001040448912711012
0.001038797943549091
0.001037148770498957
0.0010354916168528964
0.0010338163244435622
0.0010321127616293591
0.0010303708325274331
0.001028580662543097
0.0010267330386765235
0.0010248193040545447
0.0010228314401294
0.0010207621728226914
0.0010186052269570405
0.0010163551078479893
0.0010140070807775324
0.0010115572788102745
0.0010090025105230038
0.0010063401468180606
0.0010035682426256382
0.0010006852802975919
0.0009976902517518445
0.0009945825144465755
0.0009913618077608958
0.0009880281946888032
0.00098458213293633
0.0009810244589807324
0.0009773562990131365
0.0009735790784517376
0.0009696946327660103
0.0009657050709977057
0.0009616127555766292
0.0009574202803451728
0.0009531302528249596
0.0009487454652223684
0.0009442685875951324
0.000939702217348396
0.0009350486136684692
0.0009303097509861356
0.0009254872995700558
0.0009205824526253286
0.0009155957725183539
0.0009105276121274226
0.0009053776984935542
0.0009001453288976844
0.0008948296289393614
0.0008894292318048151
0.0008839427185700685
0.0008783687647268927
0.0008727057612624679
0.0008669525983893534
0.0008611080558387028
0.0008551714166478461
0.0008491423797581373
0.0008430209041776643
0.0008368074646849342
0.0008305031144703772
0.000824109305283671
0.0008176278856040489
0.0008110611316108762
0.000804411813744878
0.0007976830365650396
0.0007908781760263561
0.0007840008596125562
0.0007770549466948658
0.0007700446150516048
0.0007629740887588739
0.0007558476939191507
0.0007486698413381857
0.000741445011615029
0.0007341775512766109
0.0007268720159521361
0.00071953279668435
0.000712164204150432
0.0007047704808274311
0.0006973557890489735
0.0006899241432161467
0.0006824794157984687
0.0006750253365754919
0.0006675655242657177
0.0006601033932012914
0.0006526423040487272
0.0006451854272776908
0.0006377358376851697
0.0006302963813493224
0.0006228700656020357
0.0006154595630438326
0.0006080675491305413
0.0006006966550739802
0.0005933494767495209
0.0005860284594401903
0.000578736109050069
0.0005714749838421165
0.0005642476060597072
0.0005570564149907529
0.0005499038684048697
0.0005427924675844585
0.0005357247167265681
0.0005287030843108935
0.0005217301053239312
0.0005148082094307891
0.0005079398338381546
0.000501127326360513
0.0004943729355955966
0.0004876788938297279
0.00048104718993293534
0.0004744797149190485
0.00046797820712227845
0.0004615441096700958
0.0004551786760373257
0.00044888284413701973
0.00044265738099501543
0.0004365027328701872
0.00043041895914673866
0.00042440614809933846
0.0004184638244430134
0.0004125915080384764
0.0004067884322787537
0.00040105370590580393
0.00039538638303115927
0.00038978524148569187
0.00038424920974820744
0.00037877716864873697
0.0003733680313113537
0.00036802081521446027
0.0003627345395065883
0.00035750831206079716
0.00035234142540947923
0.0003472332856011682
0.00034218331463903913
0.00033719110369451356
0.00033225627956574654
0.0003273786505137278
0.0003225580358419521
0.0003177942697234264
0.0003130874012734531
0.0003084374468237227
0.0003038445238515858
0.00029930879735707775
0.0002948305288477225
0.0002904100249834862
0.0002860476292871706
0.0002817438111324732
0.0002774990158635932
0.0002733137667384184
0.0002691884762939627
0.0002651235987266884
0.00026111954438907243
0.0002571766574019682
0.0002532951582048147
0.0002494751744856033
0.000245716637074726
0.00024201929830671652
0.00023838290694910881
0.00023480694169647322
0.00023129076947951558
0.00022783377543710834
0.00022443513970774864
0.00022109410272038682
0.00021780974019633789
0.00021458119599742316
0.00021140759204699085
0.0002082882245330569
0.00020522228857242046
0.00020220906043681046
0.00019924798228556183
0.00019633839622511067
0.0001934798217380072
0.00019067166406118105
0.00018791346534748283
0.00018520465230214027
0.00018254463336031236
0.00017993282106473305
0.00017736837577808328
0.00017485053493435562
0.00017237830238323122
0.00016995063328871515
0.0001675663446709946
0.00016522412299235383
0.00016292255990112733
0.00016066014911647614
0.00015843538411533558
0.00015624672874583402
0.00015409259305401382
0.00015197148970313114
0.00014988191713275777
0.00014782256893727916
0.00014579219744539082
0.00014378973622968154
0.00014181429947064884
0.0001398651273168599
0.00013794172929163854
0.00013604367726969784
0.0001341707696230767
0.00013232295695269302
0.0001305002038062117
0.00012870280582285545
0.00012693084136802924
0.00012518461197613085
0.00012346442344373694
0.0001217704705139346
0.00012010306420980712
0.0001184623286258955
0.00011684839907011355
0.00011526124767314018
0.00011370088542456437
0.00011216722337374216
0.00011066004837070318
0.00010917904841417736
0.00010772397481778492
0.00010629449967772065
0.00010489027547920148
0.00010351099600216563
0.00010215636409153328
0.00010082614862452977
9.952023600866724e-05
9.823852623870577e-05
9.69810851458624e-05
9.574810752166856e-05
9.453988823481296e-05
9.335675732325423e-05
9.219929177880961e-05
9.106810668481408e-05
8.99638165133874e-05
8.888716245278471e-05
8.783882021201194e-05
8.681951294279433e-05
8.582981662341861e-05
8.487032089816566e-05
8.394139809921652e-05
8.304337737010488e-05
8.21763621980506e-05
8.134033261461986e-05
8.053508989303541e-05
7.97602110267817e-05
7.901515280233456e-05
7.829925021072385e-05
7.76116766112833e-05
7.695154326625567e-05
7.631778654631462e-05
7.570941008157578e-05
7.512533421086884e-05
7.456449667136696e-05
7.402577363484096e-05
7.350820109460574e-05
7.301080000631096e-05
7.253263327159283e-05
7.207293136221566e-05
7.163094514503807e-05
7.120601060991659e-05
7.079748182950233e-05
7.040492554307272e-05
7.002792104163172e-05
6.966604057875771e-05
6.93190147980436e-05
6.898657918175667e-05
6.866850557665221e-05
6.836463255845707e-05
6.807475199868384e-05
6.779870004325239e-05
6.75363328452789e-05
6.728744806468675e-05
6.705183437785273e-05
6.682923169604535e-05
6.661939079947181e-05
6.642198727694807e-05
6.623672249353122e-05
6.60630963376176e-05
6.590074086791932e-05
6.574907748350274e-05
6.560765564204795e-05
6.547587862734943e-05
6.535309659898201e-05
6.523873047041456e-05
6.513209213108528e-05
6.503257249386206e-05
6.493950245399445e-05
6.485210904910798e-05
6.476987583403528e-05
6.469215063820967e-05
6.461833048175917e-05
6.454790213109978e-05
6.448035298566337e-05
6.441528804058943e-05
6.435233062831685e-05
6.429114326170451e-05
6.42314957316317e-05
6.417322979407629e-05
6.411617821558783e-05
6.406028375695491e-05
6.400544634587575e-05
6.395162422581973e-05
6.389874560201732e-05
6.384671076349068e-05
6.379540024887573e-05
6.37446705878994e-05
6.369420780877888e-05
6.36437379848026e-05
6.359283098630013e-05
6.354103000678263e-05
6.348774705739611e-05
6.343241652181048e-05
6.337432221169991e-05
6.331274564617013e-05
6.324697606910389e-05
6.317627736200678e-05
6.309996828175423e-05
6.301736238761313e-05
6.292791613560686e-05
6.283110622312465e-05
6.272649186280798e-05
6.261381982430277e-05
6.249289925363394e-05
6.236372945757842e-05
6.22263505288908e-05
6.208098126816639e-05
6.192797324964828e-05
6.176765443191299e-05
6.160057960314438e-05
6.142727926652628e-05
6.12483998181905e-05
6.106451725800029e-05
6.087625872374096e-05
6.0684241693032515e-05
6.048895235100271e-05
6.029090113656448e-05
6.0090509020854684e-05
5.988810324557179e-05
5.968390609355543e-05
5.947804580789485e-05
5.927063231256453e-05
5.906164703310531e-05
5.885095540302557e-05
5.863849236000752e-05
5.842405070486142e-05
5.8207533732021355e-05
5.798876815200639e-05
5.776764208315198e-05
5.754408055659882e-05
5.731808421540733e-05
5.708976284490447e-05
5.685921337700063e-05
5.6626802221278064e-05
5.6392840381377746e-05
5.6157800684215095e-05
5.5922306530399144e-05
5.568701256078114e-05
5.5452731449147965e-05
5.5220389279410644e-05
5.4990929636941456e-05
5.4765508814016956e-05
5.454518289556707e-05
5.4331263267333415e-05
5.412500371170171e-05
5.392771954678829e-05
5.374073831565274e-05
5.356541786497096e-05
5.340305392212558e-05
5.325497790296263e-05
5.312236425315993e-05
5.300636908226073e-05
5.2908022705133335e-05
5.282821004291064e-05
5.276766701364386e-05
5.27269917593869e-05
5.270653851543327e-05
