intensityVsPixelDistance
7.447549367552034e-05
7.447549367552034e-05
7.447549367552034e-05
7.447549367552034e-05
7.447549367552034e-05
7.447549367552034e-05
7.447549367552034e-05
7.447549367552034e-05
7.447549367552034e-05
7.447549367552034e-05
7.447549367552034e-05
7.447549367552034e-05
7.447549367552034e-05
7.447549367552034e-05
7.447549367552034e-05
7.447549367552034e-05
7.447549367552034e-05
7.447549367552034e-05
7.447549367552034e-05
7.447549367552034e-05
7.447549367552034e-05
7.417228666770973e-05
7.401140358804002e-05
7.396087267023713e-05
7.396350845311834e-05
7.402296524343106e-05
7.41282779940516e-05
7.429522487797436e-05
7.44811845638441e-05
7.470900003187682e-05
7.492775485614002e-05
7.519403667835818e-05
7.548754746815309e-05
7.578559368625918e-05
7.609290938388646e-05
7.645264754658045e-05
7.67947220220086e-05
7.713997893080898e-05
7.749689494213521e-05
7.784221146422081e-05
7.818408800851895e-05
7.855375801212234e-05
7.895279380192206e-05
7.939237448638823e-05
7.987439051211005e-05
8.039613772257181e-05
8.09451484089774e-05
8.151995768449643e-05
8.213165395887802e-05
8.275162255224307e-05
8.333845695016772e-05
8.393580779879089e-05
8.452584942628707e-05
8.510485340226305e-05
8.568074872546285e-05
8.623136340354027e-05
8.679035904232091e-05
8.731738463138125e-05
8.78354687760842e-05
8.835332218205735e-05
8.886287352918771e-05
8.938075968569415e-05
8.990344582824397e-05
9.045163986063743e-05
9.100415754107263e-05
9.155125479026302e-05
9.209850710563663e-05
9.264965145061382e-05
9.317727436548704e-05
9.368670033773907e-05
9.420897704350754e-05
9.472474592060075e-05
9.523417987175101e-05
9.573305966725028e-05
9.62478915888717e-05
9.677046931972326e-05
9.733222243743351e-05
9.794370820069689e-05
9.85720607835815e-05
9.926594858424451e-05
9.999091406904154e-05
0.00010073514136299555
0.00010149769004527844
0.00010231273838678522
0.00010313381457083064
0.00010397564784147458
0.00010484669527666336
0.00010574304216512146
0.0001066726508587034
0.00010763676189146026
0.00010864107740010334
0.00010968724999098708
0.00011079150391147608
0.00011197415089600834
0.00011321335571440567
0.00011451940829380024
0.00011588569104038214
0.00011728104444128143
0.00011873419344744324
0.00012019811620260612
0.00012170235108624799
0.00012322778346697587
0.00012478315854071008
0.00012636231319003874
0.00012798622811947412
0.00012966835173619886
0.00013140614546734353
0.00013321943944475095
0.0001351492096206902
0.00013716854075276165
0.00013926215356288297
0.0001414447840225057
0.00014372194039671387
0.00014607787584719148
0.00014853157942153292
0.00015102707989916945
0.00015357850995157644
0.00015611323512644836
0.00015870240390102562
0.00016128776281406203
0.00016392047244407596
0.00016661429559074317
0.0001693391111008284
0.00017211125686425092
0.00017491608764843978
0.00017775343914023508
0.0001806911973568898
0.00018367678655301377
0.0001868055313614775
0.00018999181484886653
0.0001933328145310318
0.00019681209448912267
0.00020043516344049508
0.0002042015406792706
0.0002081187587810098
0.00021221646508325743
0.00021645782735425426
0.00022089342680776017
0.00022549161487786637
0.00023031338544620653
0.0002353524128447577
0.00024063551683548766
0.00024619998021699737
0.000252051296958033
0.0002581639718638827
0.0002645908740662674
0.0002712912186490365
0.00027829506226660205
0.0002855809883572771
0.0002931809919548247
0.00030115564422307603
0.00030948732682075096
0.000318209977196562
0.00032730497276845666
0.0003367940518681235
0.00034673912341761824
0.00035712704914620615
0.000368037254123294
0.0003794339147671103
0.0003913700058626535
0.0004038393771255706
0.0004168468706370245
0.00043040492421572886
0.00044447304877860846
0.00045910480164605444
0.0004742617930549557
0.0004898783426316193
0.000506038744529708
0.0005226506064831568
0.0005397697527218504
0.000557226112308619
0.0005750109472815619
0.0005930801820540498
0.000611400462961863
0.0006299398587197255
0.0006485429408334814
0.0006671890950826795
0.0006858225486553566
0.0007043905902125438
0.0007228740065923125
0.0007411424850064515
0.0007592564551869743
0.0007771153145856879
0.000794719168601445
0.0008120596591406257
0.0008291131439447213
0.0008459227707632347
0.0008623957124654502
0.0008784946658936836
0.0008941931698736123
0.0009094495428636127
0.0009242684159037903
0.0009385554326336617
0.0009523577076283524
0.000965632789427729
0.0009784215645080884
0.0009906852297351695
0.00100235401951703
0.001013453401305227
0.0010239641686818582
0.0010338369867567783
0.0010429912504268382
0.001051494542198703
0.0010593503261576323
0.0010664524096125547
0.001072779262000958
0.0010783485757317364
0.0010830783126835578
0.001087029745936537
0.0010900589122007196
0.0010922382759526754
0.001093522044953331
0.0010939796977177726
0.0010935858640098175
0.0010923140864541026
0.0010904248842650737
0.0010878842720071133
0.0010847980614883679
0.0010811755151313067
0.0010770271146837897
0.0010724936392328315
0.0010673862937863525
0.0010617449158491134
0.0010554677539622984
0.0010485639166493308
0.001040995636083058
0.0010326593915158198
0.001023597401380227
0.0010138516917245215
0.0010034097547928452
0.0009922706456142521
0.00098044038264321
0.0009679833253652413
0.0009549659758554646
0.0009413708169216575
0.0009271325547524645
0.0009123208759482558
0.0008969816139794502
0.0008811011658507658
0.0008646090419981082
0.0008476436624209573
0.0008302538692338381
0.0008124488664859176
0.0007942341476806164
0.0007757245007473084
0.000757031657846835
0.0007381297018337965
0.0007190886597011408
0.0006998335808576755
0.0006805164665491482
0.0006611655884469112
0.0006418516717430157
0.0006225800806045256
0.0006034059977358293
0.0005844277885671228
0.0005655226280660983
0.0005467862109975218
0.000528213109518075
0.0005098305903368365
0.0004916560475583236
0.0004736773711729273
0.00045599264069280557
0.00043868441317896706
0.00042180323683783184
0.0004054207871747453
0.000389529178377728
0.0003742290751954524
0.00035954409908175186
0.0003454638211921869
0.00033203054117737893
0.0003192243317552387
0.0003070697612909272
0.0002955519793812314
0.0002845986575697588
0.00027424546685375845
0.0002644600530797232
0.0002552157583039432
0.0002465257849275204
0.00023833930881733657
0.00023075062352456076
0.0002235971909461119
0.00021690262056489753
0.00021062137664581764
0.00020474984801515766
0.00019927775780600955
0.00019412352040284466
0.00018931373864935146
0.00018482070696412974
0.00018063434668061682
0.00017677363010637557
0.00017319532113961318
0.00016993392868430658
0.0001669318144356938
0.00016416886709672127
0.00016161943734744274
0.0001592408133808302
0.00015702532456628897
0.0001549343136371846
0.00015296406022764964
0.0001510870723668753
0.00014927587676241507
0.0001475553623650452
0.00014584539593479444
0.0001441920129807744
0.00014253594808686802
0.00014089364480992183
0.00013924003179270427
0.00013755321905212898
0.00013585225663817208
0.0001340998962910017
0.00013231978155853094
0.00013049863374397903
0.0001286375382185656
0.00012673207163080565
0.00012477111300967717
0.00012278199041909955
0.00012075833036806689
0.00011869260315801375
0.00011660737005433336
0.00011448590931688877
0.00011237093985065914
0.0001102459955514339
0.00010811281152859443
0.0001059532430063118
0.00010375935107022841
0.00010154407007845494
9.931680394651996e-05
9.708287218178307e-05
9.487535043693543e-05
9.269632483383334e-05
9.055549942542491e-05
8.841715245110082e-05
8.629510104293282e-05
8.419197731026805e-05
8.211178384067509e-05
8.006444856372135e-05
7.806091862254714e-05
7.609757975028534e-05
7.418463316198411e-05
7.231974917201773e-05
7.052097300104437e-05
6.877555561702383e-05
6.709471315956957e-05
6.546989746403902e-05
6.390379488370262e-05
6.238712182287407e-05
6.093584709658484e-05
5.9545767972034476e-05
5.822667192414315e-05
5.6984457726067276e-05
5.5814519410210336e-05
5.470487620288315e-05
5.365250590270404e-05
5.266493488341913e-05
5.173465380989704e-05
5.0864154742380035e-05
5.005959657839034e-05
4.931071703163363e-05
4.860775301885478e-05
4.794903667702712e-05
4.7331643883696033e-05
4.677178231993747e-05
4.624177537776776e-05
4.573663341882792e-05
4.5257202471307255e-05
4.480831255829802e-05
4.437853065031534e-05
4.3964306180913564e-05
4.3557880004205604e-05
4.315784152731617e-05
4.276970948383342e-05
4.2389710675988236e-05
4.2015449571987056e-05
4.164892034592526e-05
4.127766538110398e-05
4.091936358503193e-05
4.056279191004093e-05
4.019920075816724e-05
3.984028982746862e-05
3.9475074708967146e-05
3.91071611361771e-05
3.873198255084038e-05
3.834280447806372e-05
3.79547801905292e-05
3.75569917421938e-05
3.7156637701063025e-05
3.6750916804566345e-05
3.634044019715197e-05
3.592969114336842e-05
3.551202763164282e-05
3.5092149770006424e-05
3.467178738151946e-05
3.4246338721657436e-05
3.382270572788118e-05
3.339802785176565e-05
3.2978772623183566e-05
3.254431984411425e-05
3.211543403200676e-05
3.169220482431031e-05
3.126700075226115e-05
3.084677992466197e-05
3.0409657533879642e-05
2.9986919309442794e-05
2.9576306914941442e-05
2.9176230961691626e-05
2.8783332725655037e-05
2.8401529963448283e-05
2.8031753739945956e-05
2.766768146146968e-05
2.7319086705981486e-05
2.698421737402021e-05
2.6656769730061052e-05
2.634813849846091e-05
2.604582879132533e-05
2.576303682421733e-05
2.5489496549940776e-05
2.523504183613293e-05
2.4986923642367218e-05
2.4753240844265086e-05
2.4527712221213888e-05
2.4302213243423765e-05
2.4087464053967916e-05
2.388082247941446e-05
2.367856745894947e-05
2.3484559519681913e-05
2.329129215821642e-05
2.3102293491207818e-05
2.2917323395513938e-05
2.273244012600593e-05
2.25541018132367e-05
2.2370073210935823e-05
2.218348888460379e-05
2.2010139215620793e-05
2.1829600103004477e-05
2.164421069034186e-05
2.1453624318315767e-05
2.1269305474595017e-05
2.1071780248927468e-05
2.0867507832231306e-05
2.066701397871334e-05
2.046094294941054e-05
2.02580565020962e-05
2.0053471063116336e-05
1.984267569426213e-05
1.96312815990032e-05
1.941967929983433e-05
1.9204368759605853e-05
1.898514680554144e-05
1.876764199693579e-05
1.8550872864077644e-05
1.832843839874716e-05
1.811083215202682e-05
1.7888307644574867e-05
1.7668456608888863e-05
1.7448312040219025e-05
1.72299587757922e-05
1.700848689696774e-05
1.6794237734286086e-05
1.6581237775645008e-05
1.637356410218366e-05
1.6167005363095594e-05
1.596215413304235e-05
1.5762204183450776e-05
1.556276225352867e-05
1.5361956579315736e-05
1.5167627574726426e-05
1.4978536426243324e-05
1.4789474016741937e-05
1.46028105393042e-05
1.441416559943641e-05
1.4232423894286763e-05
1.4060898365770784e-05
1.3880170305378487e-05
1.3705512121496252e-05
1.3530291066119114e-05
1.3357100930104898e-05
1.3187087759649277e-05
1.3024445119097176e-05
1.2868399174888046e-05
1.2711263098092914e-05
1.2556606207097984e-05
1.240073241764151e-05
1.2243596038749723e-05
1.2090034630894668e-05
1.1936532267013395e-05
1.1780976583895602e-05
1.1629347508706832e-05
1.1477561973224282e-05
1.1330147963671394e-05
1.118741155854356e-05
1.104651701468107e-05
1.0906756527890984e-05
1.0767623451006411e-05
1.0634319941804688e-05
1.050019396951077e-05
1.0367139199718042e-05
1.023573530152961e-05
1.0110971380749488e-05
9.98200048295552e-06
9.852732821033968e-06
9.73268739770593e-06
9.61381970290358e-06
9.501623221042003e-06
9.386762855222884e-06
9.277051853270744e-06
9.172063103504237e-06
9.068592958070579e-06
8.971048065471755e-06
8.872220213534412e-06
8.779704100572826e-06
8.689801930632848e-06
8.600213340770824e-06
8.518079974692647e-06
8.436357017098907e-06
8.355637980798053e-06
8.281827771660984e-06
8.20999853775559e-06
8.138828270973718e-06
8.064925393922812e-06
7.994517966198637e-06
7.92572213920326e-06
7.858349205877476e-06
7.791065331487552e-06
7.724957510578495e-06
7.657713153924301e-06
7.595429611226813e-06
7.531305513123741e-06
7.473332971029031e-06
7.414911618697265e-06
7.349330253056915e-06
7.289819560461796e-06
7.230909591580734e-06
7.168975256135748e-06
7.100907206852338e-06
7.038717047749479e-06
6.977712180971854e-06
6.912510864368824e-06
6.843185318441647e-06
6.778280915591887e-06
6.706905792662262e-06
6.633688391906271e-06
6.560015665190509e-06
6.483508968535082e-06
6.4160287962952815e-06
6.3496946209753355e-06
6.28082165863831e-06
6.21420625291794e-06
6.144458430147528e-06
6.08009913282859e-06
6.0127478483710716e-06
5.947226386140536e-06
5.875579815948038e-06
5.804049052583566e-06
5.736021382548349e-06
5.672564249073334e-06
5.606086869631022e-06
5.5385671093251275e-06
5.4728706169456e-06
5.4124521480999955e-06
5.34904062524941e-06
5.2886964121440904e-06
5.229276939900436e-06
5.172176465674022e-06
5.114841638295502e-06
5.060376693930715e-06
5.0069907509561e-06
4.955649781706159e-06
4.905013725971426e-06
4.859894076971233e-06
4.815921207853337e-06
4.772465401781418e-06
4.731187427209573e-06
4.6907125344466275e-06
4.65908362978463e-06
4.621506255607543e-06
4.584493471929395e-06
4.548998427450094e-06
4.5153054383184245e-06
4.482205321195059e-06
4.452963700747566e-06
4.425544578324797e-06
4.397136020877567e-06
4.368730437303398e-06
4.3380726947073854e-06
4.304256091514458e-06
4.271771225463377e-06
4.233534343298932e-06
4.19870538348736e-06
4.161426682973175e-06
4.130022834647347e-06
4.097243699118592e-06
4.064406482998967e-06
4.033256794506297e-06
4.001687777033245e-06
3.969454423687736e-06
3.937508617247851e-06
3.902607148908962e-06
3.868723578436802e-06
3.830505752229074e-06
3.7934422258363503e-06
3.756467494123696e-06
3.7169552048788893e-06
3.680083784314569e-06
3.6406056675984616e-06
3.6003038154464224e-06
3.5607739248819033e-06
3.5170163692363945e-06
3.4746356798645997e-06
3.4275061144325227e-06
3.3831006857333604e-06
3.338691621505898e-06
3.2921675084768494e-06
3.2450114513323863e-06
3.197706574974234e-06
3.1511010097344605e-06
3.1063058565029075e-06
3.06660207120152e-06
3.0260919178779987e-06
2.984779475420654e-06
2.9467988552723178e-06
2.905941168237396e-06
2.8664702806209003e-06
2.827946867354298e-06
2.790993646751336e-06
2.7571668658348382e-06
2.7246165776625894e-06
2.6982541662085607e-06
2.6668591420942964e-06
2.6375506554119665e-06
2.60809021919566e-06
2.5777251170556923e-06
2.5507904411398762e-06
2.520450944281724e-06
2.4907462799986573e-06
2.4615109089768393e-06
2.430364843371922e-06
2.4025891071355287e-06
2.3764155584138007e-06
2.350535525227824e-06
2.3248206125198487e-06
2.2980889399965964e-06
2.273034181060821e-06
2.2464983943470865e-06
2.2270156995231643e-06
2.2064123575592027e-06
2.1840162084119427e-06
2.1668195095954918e-06
2.1487873519074074e-06
2.1300468119442685e-06
2.1133098926863466e-06
2.0968086525195904e-06
2.0795320349642074e-06
2.065120177989075e-06
2.048782909555911e-06
2.0367953354109874e-06
2.020502719501001e-06
2.0034188673405446e-06
1.9876449601036958e-06
1.970877560589873e-06
1.9540953012931126e-06
1.9405524166578014e-06
1.926807259016467e-06
1.9123198358544567e-06
1.8923457554140622e-06
1.874449075195425e-06
1.8546288505225942e-06
1.83209405831703e-06
1.8155501759452414e-06
1.7990843421172882e-06
1.7805438660336723e-06
1.763220190277305e-06
1.748439722741918e-06
1.7331735554353873e-06
1.7187997033366247e-06
1.702520293299156e-06
1.6904231682801415e-06
1.6788188515289221e-06
1.6632575137426973e-06
1.6516704142104162e-06
1.6405630582462207e-06
1.6289847922542794e-06
1.6211873464999403e-06
1.614175985722089e-06
1.6029405917349907e-06
1.5953584815601523e-06
1.586422381343675e-06
1.5769184913704134e-06
1.5676615766607774e-06
1.559229049025503e-06
1.5500530144654012e-06
1.539807058786715e-06
1.5303020694853708e-06
1.5219444985790072e-06
1.5126343553450549e-06
1.5019753208197585e-06
1.4939338141192396e-06
1.4841522519217377e-06
1.4741598877127175e-06
1.465317724534753e-06
1.4555871350622824e-06
1.4461069279432951e-06
1.4366611449201868e-06
1.4287361968880725e-06
1.423756844868841e-06
1.4169817171028563e-06
1.4115146617684275e-06
1.4062960864348563e-06
1.400925496718529e-06
1.3938699497123217e-06
1.3872979749658908e-06
1.3812737578267103e-06
1.3732616198400583e-06
1.3686264506665933e-06
1.3627453106214132e-06
1.3596998180187074e-06
1.3554239407750409e-06
1.3507235531477253e-06
1.3492199232862077e-06
1.345076055809097e-06
1.3418067008200598e-06
1.3401140411701843e-06
1.3359921212238171e-06
1.33187020127745e-06
1.3277482813310829e-06
1.3236263613847155e-06
1.3195044414383486e-06
1.3153825214919815e-06
1.3112606015456143e-06
1.3071386815992472e-06
1.3030167616528796e-06
1.2988948417065125e-06
1.2947729217601456e-06
1.2906510018137784e-06
1.2865290818674113e-06
1.2824071619210442e-06
1.2782852419746773e-06
1.2741633220283101e-06
1.270041402081943e-06
1.2659194821355759e-06
1.2617975621892087e-06
1.2576756422428416e-06
1.2535537222964744e-06
1.2494318023501073e-06
1.2453098824037402e-06
1.241187962457373e-06
1.237066042511006e-06
1.2329441225646388e-06
1.2288222026182716e-06
1.2247002826719045e-06
1.2205783627255374e-06
1.2164564427791702e-06
1.2123345228328031e-06
1.208212602886436e-06
1.2040906829400688e-06
1.1999687629937017e-06
1.1958468430473346e-06
1.1917249231009674e-06
1.1876030031546003e-06
1.1834810832082332e-06
1.179359163261866e-06
1.175237243315499e-06
1.1711153233691318e-06
1.1669934034227646e-06
1.1628714834763975e-06
1.1587495635300304e-06
1.154627643583663e-06
1.150505723637296e-06
1.146383803690929e-06
1.1422618837445618e-06
1.1381399637981945e-06
1.1340180438518273e-06
1.1298961239054604e-06
1.1257742039590933e-06
1.1216522840127262e-06
1.117530364066359e-06
1.1134084441199919e-06
1.1092865241736248e-06
1.1051646042272576e-06
1.1010426842808905e-06
1.0969207643345234e-06
1.0927988443881562e-06
1.088676924441789e-06
1.0870452784027397e-06
1.0806166201786333e-06
1.0780357890883322e-06
1.067948263186228e-06
1.0619324169574697e-06
1.0557145459829547e-06
1.0459856117900291e-06
1.0377775263906254e-06
1.0233296959602307e-06
1.0103529669270472e-06
9.951376875173269e-07
9.822675596888399e-07
9.69500479859012e-07
9.55190750376907e-07
9.441520368715135e-07
9.271031270352495e-07
9.07136887564478e-07
8.968366763524538e-07
8.866395131390887e-07
8.753186599318351e-07
8.753186599318351e-07
8.753186599318351e-07
8.753186599318351e-07
8.753186599318351e-07
8.753186599318351e-07
8.753186599318351e-07
8.753186599318351e-07
8.753186599318351e-07
8.753186599318351e-07
8.753186599318351e-07
8.753186599318351e-07
8.753186599318351e-07
8.753186599318351e-07
8.753186599318351e-07
8.753186599318351e-07
8.753186599318351e-07
8.753186599318351e-07
8.753186599318351e-07
8.753186599318351e-07
