tumblingFit (s-1) tumblingMean (s-1) Energy Density (µW/µm2)
1.0043018551956309 1.75 0.0
1.1435098662587084 2.110918358496193 5.510905231713828e-07
1.1665515322033677 2.177623251848064 9.699193207816335e-07
1.2532817137409469 2.314664061536422 2.711365374003203e-06
1.3100624398335878 2.432389110635366 4.1662443551756535e-06
1.4368560033553888 2.5101237621726415 5.621123336348104e-06
1.5113846313737251 2.5589286982600634 7.384613010496529e-06
2.660343538840317 3.086625992072965 5.570423008216337e-05
2.575283422507484 3.267052458782557 0.001432394487827058
